      0.00     -0.024
      0.10      0.223
      0.20      0.161
      0.30      0.186
      0.40      0.150
      0.50      0.155
      0.60      0.330
      0.70      0.286
      0.80      0.339
      0.90      0.411
      1.00      0.332
      1.10      0.488
      1.20      0.393
      1.30      0.286
      1.40      0.504
      1.50      0.673
      1.60      0.806
      1.70      0.938
      1.80      1.179
      1.90      1.102
      2.00      1.093
      2.10      0.981
      2.20      1.045
      2.30      1.147
      2.40      1.096
      2.50      1.104
      2.60      1.101
      2.70      1.208
      2.80      1.274
      2.90      1.398
      3.00      1.399
      3.10      1.507
      3.20      1.611
      3.30      1.844
      3.40      1.818
      3.50      1.697
      3.60      1.605
      3.70      1.599
      3.80      1.548
      3.90      1.759
      4.00      1.734
      4.10      1.746
      4.20      1.811
      4.30      1.854
      4.40      1.904
      4.50      2.055
      4.60      2.012
      4.70      1.800
      4.80      1.822
      4.90      1.831
      5.00      1.848
      5.10      1.870
      5.20      2.024
      5.30      2.040
      5.40      2.052
      5.50      2.295
      5.60      2.293
      5.70      2.298
      5.80      2.296
      5.90      2.360
      6.00      2.450
      6.10      2.669
      6.20      2.688
      6.30      2.622
      6.40      2.592
      6.50      2.772
      6.60      2.661
      6.70      2.646
      6.80      2.660
      6.90      2.619
      7.00      2.585
      7.10      2.499
      7.20      2.652
      7.30      2.694
      7.40      2.713
      7.50      2.823
      7.60      2.902
      7.70      2.924
      7.80      2.965
      7.90      3.069
      8.00      3.193
      8.10      3.346
      8.20      3.702
      8.30      3.470
      8.40      3.679
      8.50      3.851
      8.60      4.122
      8.70      4.327
      8.80      4.614
      8.90      4.813
      9.00      4.943
      9.10      4.925
      9.20      4.939
      9.30      4.973
      9.40      5.215
      9.50      5.240
      9.60      5.225
      9.70      5.181
      9.80      5.142
      9.90      4.849
     10.00      4.739
     10.10      4.716
     10.20      5.015
     10.30      4.936
     10.40      4.970
     10.50      5.137
     10.60      5.304
     10.70      5.532
     10.80      5.536
     10.90      5.490
     11.00      5.498
     11.10      5.508
     11.20      5.570
     11.30      5.788
     11.40      5.896
     11.50      6.012
     11.60      5.823
     11.70      5.704
     11.80      5.807
     11.90      6.022
     12.00      6.458
     12.10      6.655
     12.20      6.663
     12.30      6.691
     12.40      6.726
     12.50      6.881
     12.60      6.770
     12.70      6.781
     12.80      6.874
     12.90      7.021
     13.00      6.816
     13.10      6.938
     13.20      7.087
     13.30      7.046
     13.40      7.115
     13.50      6.957
     13.60      7.030
     13.70      7.237
     13.80      7.284
     13.90      7.304
     14.00      7.518
     14.10      7.507
     14.20      7.581
     14.30      7.752
     14.40      7.566
     14.50      7.806
     14.60      7.976
     14.70      8.126
     14.80      8.271
     14.90      8.188
     15.00      8.303
     15.10      8.076
     15.20      8.217
     15.30      8.215
     15.40      8.214
     15.50      8.290
     15.60      8.189
     15.70      8.113
     15.80      8.121
     15.90      8.096
     16.00      8.158
     16.10      8.130
     16.20      8.253
     16.30      8.399
     16.40      8.160
     16.50      8.025
     16.60      7.789
     16.70      7.749
     16.80      7.804
     16.90      7.837
     17.00      7.848
     17.10      7.846
     17.20      7.778
     17.30      7.869
     17.40      7.823
     17.50      7.823
     17.60      7.739
     17.70      7.874
     17.80      7.938
     17.90      8.012
     18.00      7.930
     18.10      7.643
     18.20      7.514
     18.30      7.470
     18.40      7.506
     18.50      7.646
     18.60      7.679
     18.70      7.854
     18.80      7.778
     18.90      7.857
     19.00      7.927
     19.10      7.849
     19.20      7.651
     19.30      7.848
     19.40      8.061
     19.50      8.279
     19.60      8.438
     19.70      8.306
     19.80      8.317
     19.90      8.370
     20.00      8.153
     20.10      8.157
     20.20      8.110
     20.30      8.073
     20.40      8.100
     20.50      8.353
     20.60      8.320
     20.70      8.513
     20.80      8.510
     20.90      8.559
     21.00      8.582
     21.10      8.565
     21.20      8.917
     21.30      8.997
     21.40      8.976
     21.50      8.972
     21.60      8.906
     21.70      9.053
     21.80      9.074
     21.90      9.008
     22.00      9.076
     22.10      9.062
     22.20      9.065
     22.30      9.089
     22.40      9.097
     22.50      9.129
     22.60      8.908
     22.70      8.950
     22.80      9.104
     22.90      8.998
     23.00      9.109
     23.10      9.142
     23.20      9.102
     23.30      9.383
     23.40      9.511
     23.50      9.420
     23.60      9.420
     23.70      9.493
     23.80      9.457
     23.90      9.213
     24.00      9.306
     24.10      9.207
     24.20      9.198
     24.30      9.179
     24.40      9.435
     24.50      9.667
     24.60      9.540
     24.70      9.587
     24.80      9.680
     24.90      9.630
     25.00      9.575
     25.10      9.413
     25.20      9.253
     25.30      9.478
     25.40      9.399
     25.50      9.456
     25.60      9.609
     25.70      9.510
     25.80      9.463
     25.90      9.372
     26.00      9.408
     26.10      9.307
     26.20      9.388
     26.30      9.438
     26.40      9.441
     26.50      9.274
     26.60      9.237
     26.70      9.277
     26.80      9.389
     26.90      9.366
     27.00      9.377
     27.10      9.301
     27.20      9.301
     27.30      9.150
     27.40      9.091
     27.50      9.106
     27.60      8.997
     27.70      9.026
     27.80      8.988
     27.90      8.973
     28.00      9.047
     28.10      8.873
     28.20      8.768
     28.30      8.855
     28.40      8.951
     28.50      8.788
     28.60      8.967
     28.70      9.276
     28.80      9.093
     28.90      9.108
     29.00      9.274
     29.10      9.362
     29.20      9.375
     29.30      9.152
     29.40      9.197
     29.50      9.075
     29.60      9.003
     29.70      9.051
     29.80      8.998
     29.90      9.063
     30.00      9.079
     30.10      9.055
     30.20      9.228
     30.30      9.449
     30.40      9.654
     30.50      9.667
     30.60      9.732
     30.70      9.582
     30.80      9.424
     30.90      9.473
     31.00      9.290
     31.10      9.070
     31.20      8.946
     31.30      9.054
     31.40      9.055
     31.50      8.976
     31.60      9.011
     31.70      8.979
     31.80      8.950
     31.90      8.945
     32.00      9.052
     32.10      9.067
     32.20      9.012
     32.30      8.972
     32.40      8.786
     32.50      8.872
     32.60      8.980
     32.70      8.753
     32.80      8.561
     32.90      8.469
     33.00      8.357
     33.10      8.495
     33.20      8.431
     33.30      8.238
     33.40      8.212
     33.50      8.294
     33.60      8.288
     33.70      8.248
     33.80      8.327
     33.90      8.573
     34.00      8.480
     34.10      8.645
     34.20      8.693
     34.30      8.397
     34.40      8.340
     34.50      8.420
     34.60      8.433
     34.70      8.398
     34.80      8.371
     34.90      8.221
     35.00      8.276
     35.10      8.210
     35.20      8.209
     35.30      8.226
     35.40      8.421
     35.50      8.551
     35.60      8.604
     35.70      8.606
     35.80      8.456
     35.90      8.455
     36.00      8.457
     36.10      8.490
     36.20      8.548
     36.30      8.568
     36.40      8.560
     36.50      8.284
     36.60      8.293
     36.70      8.551
     36.80      8.631
     36.90      8.522
     37.00      8.396
     37.10      8.349
     37.20      8.359
     37.30      8.347
     37.40      8.401
     37.50      8.429
     37.60      8.463
     37.70      8.574
     37.80      8.531
     37.90      8.492
     38.00      8.377
     38.10      8.483
     38.20      8.424
     38.30      8.751
     38.40      8.850
     38.50      8.736
     38.60      8.999
     38.70      8.994
     38.80      9.216
     38.90      9.266
     39.00      9.360
     39.10      9.365
     39.20      9.336
     39.30      9.243
     39.40      9.153
     39.50      8.766
     39.60      8.426
     39.70      8.450
     39.80      8.375
     39.90      8.382
     40.00      8.313
     40.10      8.122
     40.20      8.088
     40.30      8.077
     40.40      8.095
     40.50      8.020
     40.60      7.997
     40.70      7.943
     40.80      7.935
     40.90      7.819
     41.00      7.879
     41.10      7.715
     41.20      7.692
     41.30      7.806
     41.40      7.816
     41.50      7.905
     41.60      7.950
     41.70      7.846
     41.80      7.781
     41.90      8.008
     42.00      7.945
     42.10      7.978
     42.20      7.965
     42.30      8.123
     42.40      7.835
     42.50      7.775
     42.60      7.735
     42.70      7.893
     42.80      7.793
     42.90      7.498
     43.00      7.530
     43.10      7.535
     43.20      7.460
     43.30      7.680
     43.40      7.728
     43.50      7.576
     43.60      7.600
     43.70      7.675
     43.80      7.522
     43.90      7.406
     44.00      7.447
     44.10      7.487
     44.20      7.464
     44.30      7.391
     44.40      7.375
     44.50      7.204
     44.60      7.223
     44.70      7.055
     44.80      7.154
     44.90      7.246
     45.00      7.262
     45.10      7.316
     45.20      7.183
     45.30      7.155
     45.40      7.022
     45.50      6.984
     45.60      7.142
     45.70      7.165
     45.80      7.137
     45.90      7.292
     46.00      7.370
     46.10      7.280
     46.20      7.399
     46.30      7.451
     46.40      7.553
     46.50      7.707
     46.60      7.729
     46.70      7.822
     46.80      7.711
     46.90      7.797
     47.00      7.850
     47.10      7.848
     47.20      7.818
     47.30      7.981
     47.40      7.919
     47.50      8.080
     47.60      8.040
     47.70      8.060
     47.80      8.070
     47.90      8.290
     48.00      8.186
     48.10      8.224
     48.20      8.412
     48.30      8.628
     48.40      8.517
     48.50      8.352
     48.60      8.314
     48.70      8.369
     48.80      8.515
     48.90      8.553
     49.00      8.393
     49.10      8.365
     49.20      8.444
     49.30      8.671
     49.40      8.852
     49.50      8.809
     49.60      8.685
     49.70      8.811
     49.80      8.805
     49.90      8.697
     50.00      8.617
     50.10      8.593
     50.20      8.555
     50.30      8.395
     50.40      8.201
     50.50      8.159
     50.60      7.947
     50.70      7.818
     50.80      7.840
     50.90      7.844
     51.00      7.739
     51.10      7.757
     51.20      7.847
     51.30      7.849
     51.40      7.559
     51.50      7.399
     51.60      7.431
     51.70      7.245
     51.80      7.107
     51.90      7.120
     52.00      6.884
     52.10      7.006
     52.20      6.827
     52.30      6.599
     52.40      6.533
     52.50      6.336
     52.60      6.277
     52.70      6.152
     52.80      5.904
     52.90      5.995
     53.00      5.728
     53.10      5.800
     53.20      5.605
     53.30      5.481
     53.40      5.411
     53.50      5.267
     53.60      5.290
     53.70      5.330
     53.80      5.290
     53.90      5.318
     54.00      5.214
     54.10      5.275
     54.20      5.007
     54.30      5.291
     54.40      5.366
     54.50      5.293
     54.60      5.191
     54.70      5.262
     54.80      5.119
     54.90      5.115
     55.00      5.029
     55.10      4.951
     55.20      4.747
     55.30      4.509
     55.40      4.605
     55.50      4.588
     55.60      4.586
     55.70      4.474
     55.80      4.423
     55.90      4.304
     56.00      4.446
     56.10      4.619
     56.20      4.562
     56.30      4.565
     56.40      4.458
     56.50      4.589
     56.60      4.508
     56.70      4.336
     56.80      4.345
     56.90      4.257
     57.00      4.144
     57.10      4.032
     57.20      4.133
     57.30      4.000
     57.40      3.956
     57.50      3.858
     57.60      3.785
     57.70      3.762
     57.80      3.629
     57.90      3.666
     58.00      3.699
     58.10      3.722
     58.20      3.770
     58.30      3.812
     58.40      3.832
     58.50      3.738
     58.60      3.658
     58.70      3.789
     58.80      3.855
     58.90      3.806
     59.00      3.836
     59.10      3.873
     59.20      3.859
     59.30      3.849
     59.40      3.714
     59.50      3.727
     59.60      3.756
     59.70      3.637
     59.80      3.691
     59.90      3.623
     60.00      3.745
     60.10      3.682
     60.20      3.614
     60.30      3.649
     60.40      3.600
     60.50      3.493
     60.60      3.431
     60.70      3.506
     60.80      3.362
     60.90      3.653
     61.00      3.622
     61.10      3.479
     61.20      3.397
     61.30      3.457
     61.40      3.280
     61.50      3.372
     61.60      3.422
     61.70      3.448
     61.80      3.519
     61.90      3.632
     62.00      3.749
     62.10      3.626
     62.20      3.528
     62.30      3.333
     62.40      3.516
     62.50      3.386
     62.60      3.502
     62.70      3.107
     62.80      3.195
     62.90      3.313
     63.00      3.421
     63.10      3.435
     63.20      3.523
     63.30      3.411
     63.40      3.542
     63.50      3.499
     63.60      3.472
     63.70      3.471
     63.80      3.520
     63.90      3.497
     64.00      3.648
     64.10      3.692
     64.20      4.015
     64.30      4.084
     64.40      4.287
     64.50      4.346
     64.60      4.315
     64.70      4.207
     64.80      4.496
     64.90      4.752
     65.00      4.731
     65.10      4.875
     65.20      4.965
     65.30      4.965
     65.40      4.929
     65.50      5.233
     65.60      5.341
     65.70      5.269
     65.80      5.534
     65.90      5.522
     66.00      5.726
     66.10      5.850
     66.20      5.727
     66.30      5.782
     66.40      6.057
     66.50      6.253
     66.60      6.346
     66.70      6.515
     66.80      6.498
     66.90      6.647
     67.00      6.713
     67.10      7.001
     67.20      7.086
     67.30      7.160
     67.40      7.159
     67.50      7.224
     67.60      7.198
     67.70      7.309
     67.80      7.273
     67.90      7.498
     68.00      7.598
     68.10      7.595
     68.20      7.582
     68.30      7.576
     68.40      7.788
     68.50      7.750
     68.60      7.898
     68.70      7.893
     68.80      7.870
     68.90      7.860
     69.00      8.057
     69.10      8.071
     69.20      8.006
     69.30      8.122
     69.40      8.203
     69.50      8.259
     69.60      8.323
     69.70      8.546
     69.80      8.458
     69.90      8.614
     70.00      8.637
     70.10      8.730
     70.20      8.839
     70.30      8.672
     70.40      8.610
     70.50      8.502
     70.60      8.478
     70.70      8.498
     70.80      8.611
     70.90      8.662
     71.00      8.810
     71.10      8.815
     71.20      9.007
     71.30      9.082
     71.40      9.053
     71.50      9.230
     71.60      9.370
     71.70      9.762
     71.80      9.625
     71.90      9.666
     72.00      9.639
     72.10      9.584
     72.20      9.824
     72.30      9.841
     72.40      9.894
     72.50      9.808
     72.60     10.083
     72.70     10.212
     72.80     10.236
     72.90     10.390
     73.00     10.465
     73.10     10.394
     73.20     10.518
     73.30     10.571
     73.40     10.523
     73.50     10.645
     73.60     10.794
     73.70     11.073
     73.80     11.346
     73.90     11.521
     74.00     11.540
     74.10      0.000
     74.20      0.025
     74.30      0.307
     74.40      0.542
     74.50      0.810
     74.60      0.829
     74.70      0.915
     74.80      1.228
     74.90      1.234
     75.00      1.259
     75.10      1.418
     75.20      1.346
     75.30      1.477
     75.40      1.635
     75.50      1.978
     75.60      2.094
     75.70      2.246
     75.80      2.299
     75.90      2.358
     76.00      2.483
     76.10      2.716
     76.20      2.962
     76.30      2.941
     76.40      3.173
     76.50      3.594
     76.60      3.778
     76.70      3.856
     76.80      3.966
     76.90      4.125
     77.00      4.196
     77.10      4.429
     77.20      4.328
     77.30      4.430
     77.40      4.469
     77.50      4.491
     77.60      4.534
     77.70      4.598
     77.80      4.702
     77.90      4.749
     78.00      4.892
     78.10      4.983
     78.20      5.024
     78.30      4.916
     78.40      5.080
     78.50      5.184
     78.60      5.088
     78.70      5.343
     78.80      5.442
     78.90      5.532
     79.00      5.476
     79.10      5.469
     79.20      5.639
     79.30      5.596
     79.40      5.629
     79.50      5.796
     79.60      5.934
     79.70      5.955
     79.80      5.807
     79.90      5.860
     80.00      5.918
     80.10      5.832
     80.20      5.765
     80.30      5.772
     80.40      5.822
     80.50      5.697
     80.60      5.570
     80.70      5.752
     80.80      5.589
     80.90      5.518
     81.00      5.593
     81.10      5.625
     81.20      5.718
     81.30      5.773
     81.40      5.758
     81.50      5.768
     81.60      5.716
     81.70      5.944
     81.80      5.947
     81.90      6.013
     82.00      5.971
     82.10      5.784
     82.20      5.834
     82.30      6.024
     82.40      5.947
     82.50      6.085
     82.60      6.155
     82.70      6.231
     82.80      6.275
     82.90      6.152
     83.00      6.357
     83.10      6.521
     83.20      6.716
     83.30      6.587
     83.40      6.705
     83.50      6.683
     83.60      6.759
     83.70      6.809
     83.80      6.678
     83.90      6.655
     84.00      6.604
     84.10      6.709
     84.20      6.792
     84.30      6.826
     84.40      6.958
     84.50      6.992
     84.60      7.069
     84.70      6.872
     84.80      6.773
     84.90      6.668
     85.00      6.878
     85.10      6.994
     85.20      7.010
     85.30      7.110
     85.40      7.262
     85.50      7.236
     85.60      7.410
     85.70      7.445
     85.80      7.600
     85.90      7.819
     86.00      8.165
     86.10      8.058
     86.20      8.084
     86.30      8.221
     86.40      8.247
     86.50      8.372
     86.60      8.461
     86.70      8.392
     86.80      8.295
     86.90      8.483
     87.00      8.627
     87.10      8.743
     87.20      8.818
     87.30      8.867
     87.40      8.921
     87.50      8.916
     87.60      9.054
     87.70      9.126
     87.80      8.995
     87.90      8.728
     88.00      8.620
     88.10      8.448
     88.20      8.521
     88.30      8.560
     88.40      8.784
     88.50      8.879
     88.60      8.906
     88.70      8.783
     88.80      8.868
     88.90      9.019
     89.00      9.132
     89.10      9.086
     89.20      8.991
     89.30      8.637
     89.40      8.589
     89.50      8.704
     89.60      8.624
     89.70      8.715
     89.80      8.680
     89.90      8.609
     90.00      8.532
     90.10      8.378
     90.20      8.392
     90.30      8.361
     90.40      8.432
     90.50      8.463
     90.60      8.380
     90.70      8.515
     90.80      8.513
     90.90      8.756
     91.00      8.653
     91.10      8.622
     91.20      8.585
     91.30      8.529
     91.40      8.467
     91.50      8.386
     91.60      8.545
     91.70      8.633
     91.80      8.768
     91.90      8.877
     92.00      9.051
     92.10      9.229
     92.20      9.207
     92.30      9.354
     92.40      9.405
     92.50      9.233
     92.60      9.174
     92.70      9.070
     92.80      8.856
     92.90      8.909
     93.00      8.973
     93.10      8.971
     93.20      8.913
     93.30      8.977
     93.40      8.857
     93.50      9.018
     93.60      8.992
     93.70      9.185
     93.80      9.310
     93.90      9.318
     94.00      9.281
     94.10      9.281
     94.20      9.530
     94.30      9.518
     94.40      9.473
     94.50      9.512
     94.60      9.556
     94.70      9.600
     94.80      9.870
     94.90      9.677
     95.00      9.730
     95.10      9.533
     95.20      9.577
     95.30      9.589
     95.40      9.464
     95.50      9.461
     95.60      9.508
     95.70      9.460
     95.80      9.481
     95.90      9.620
     96.00      9.605
     96.10      9.487
     96.20      9.428
     96.30      9.503
     96.40      9.503
     96.50      9.879
     96.60      9.753
     96.70      9.851
     96.80      9.882
     96.90      9.868
     97.00     10.031
     97.10     10.022
     97.20     10.304
     97.30     10.360
     97.40     10.560
     97.50     10.486
     97.60     10.602
     97.70     10.642
     97.80     10.501
     97.90     10.625
     98.00     10.673
     98.10     10.723
     98.20     10.762
     98.30     10.752
     98.40     10.874
     98.50     10.964
     98.60     11.045
     98.70     10.988
     98.80     11.132
     98.90     11.038
     99.00     11.020
     99.10     11.095
     99.20     11.113
     99.30     11.320
     99.40     11.450
     99.50     11.292
     99.60     11.354
     99.70      0.000
     99.80     -0.037
     99.90      0.022
    100.00      0.187
    100.10      0.409
    100.20      0.538
    100.30      0.680
    100.40      0.933
    100.50      0.930
    100.60      1.185
    100.70      1.112
    100.80      1.414
    100.90      1.481
    101.00      1.664
    101.10      2.045
    101.20      2.171
    101.30      2.273
    101.40      2.486
    101.50      2.804
    101.60      2.724
    101.70      2.798
    101.80      2.866
    101.90      2.710
    102.00      2.687
    102.10      2.771
    102.20      2.795
    102.30      2.869
    102.40      2.953
    102.50      2.950
    102.60      3.061
    102.70      2.902
    102.80      2.840
    102.90      2.714
    103.00      2.817
    103.10      2.892
    103.20      2.988
    103.30      2.986
    103.40      2.882
    103.50      2.953
    103.60      2.855
    103.70      2.970
    103.80      2.951
    103.90      2.945
    104.00      2.942
    104.10      3.081
    104.20      3.166
    104.30      3.188
    104.40      3.179
    104.50      3.114
    104.60      3.134
    104.70      2.897
    104.80      2.959
    104.90      2.848
    105.00      2.846
    105.10      3.023
    105.20      2.989
    105.30      2.922
    105.40      2.923
    105.50      3.107
    105.60      3.259
    105.70      3.432
    105.80      3.236
    105.90      3.318
    106.00      3.316
    106.10      3.513
    106.20      3.478
    106.30      3.382
    106.40      3.375
    106.50      3.391
    106.60      3.500
    106.70      3.426
    106.80      3.412
    106.90      3.398
    107.00      3.327
    107.10      3.451
    107.20      3.460
    107.30      3.492
    107.40      3.617
    107.50      3.644
    107.60      3.599
    107.70      3.711
    107.80      3.644
    107.90      3.600
    108.00      3.687
    108.10      3.827
    108.20      3.709
    108.30      3.857
    108.40      3.994
    108.50      4.115
    108.60      4.493
    108.70      4.591
    108.80      4.743
    108.90      4.882
    109.00      4.979
    109.10      5.106
    109.20      5.109
    109.30      5.073
    109.40      5.214
    109.50      5.422
    109.60      5.468
    109.70      5.531
    109.80      5.641
    109.90      5.655
    110.00      5.658
    110.10      5.757
    110.20      5.725
    110.30      5.958
    110.40      5.943
    110.50      5.606
    110.60      5.600
    110.70      5.810
    110.80      5.885
    110.90      5.719
    111.00      5.906
    111.10      5.917
    111.20      6.082
    111.30      5.899
    111.40      6.027
    111.50      6.183
    111.60      6.394
    111.70      6.237
    111.80      6.330
    111.90      6.395
    112.00      6.295
    112.10      6.324
    112.20      6.473
    112.30      6.594
    112.40      6.782
    112.50      6.884
    112.60      6.890
    112.70      6.905
    112.80      6.878
    112.90      6.913
    113.00      7.097
    113.10      7.237
    113.20      7.256
    113.30      7.424
    113.40      7.603
    113.50      7.691
    113.60      7.792
    113.70      7.986
    113.80      8.113
    113.90      7.927
    114.00      7.987
    114.10      8.139
    114.20      8.140
    114.30      8.224
    114.40      8.355
    114.50      8.344
    114.60      8.314
    114.70      8.422
    114.80      8.664
    114.90      8.573
    115.00      8.777
    115.10      8.870
    115.20      8.895
    115.30      8.960
    115.40      9.038
    115.50      8.833
    115.60      8.860
    115.70      8.875
    115.80      8.933
    115.90      9.030
    116.00      9.231
    116.10      9.231
    116.20      9.129
    116.30      9.101
    116.40      9.338
    116.50      9.381
    116.60      9.316
    116.70      9.603
    116.80      9.671
    116.90      9.732
    117.00      9.935
    117.10      9.979
    117.20      9.969
    117.30     10.171
    117.40     10.299
    117.50     10.227
    117.60     10.053
    117.70     10.317
    117.80     10.549
    117.90     10.719
    118.00     10.834
    118.10     10.702
    118.20     10.879
    118.30     10.703
    118.40     10.672
    118.50     10.881
    118.60     10.889
    118.70     10.772
    118.80     10.868
    118.90     10.925
    119.00     10.924
    119.10     11.033
    119.20     10.974
    119.30     11.173
    119.40     11.128
    119.50     11.032
    119.60     11.162
    119.70     11.304
    119.80     11.426
    119.90     11.536
    120.00     11.570
    120.10     11.546
    120.20     11.499
    120.30     11.578
    120.40     11.532
    120.50     11.594
    120.60      0.000
    120.70      0.214
    120.80      0.286
    120.90      0.281
    121.00      0.271
    121.10      0.331
    121.20      0.449
    121.30      0.332
    121.40      0.256
    121.50      0.337
    121.60      0.388
    121.70      0.371
    121.80      0.436
    121.90      0.695
    122.00      0.765
    122.10      0.905
    122.20      0.951
    122.30      1.134
    122.40      1.231
    122.50      1.122
    122.60      1.189
    122.70      1.561
    122.80      1.693
    122.90      1.746
    123.00      1.754
    123.10      1.708
    123.20      1.838
    123.30      1.749
    123.40      1.900
    123.50      1.775
    123.60      1.853
    123.70      1.927
    123.80      2.098
    123.90      2.141
    124.00      2.105
    124.10      2.118
    124.20      2.083
    124.30      2.113
    124.40      2.268
    124.50      2.451
    124.60      2.681
    124.70      2.745
    124.80      2.973
    124.90      3.250
    125.00      3.369
    125.10      3.360
    125.20      3.396
    125.30      3.250
    125.40      3.209
    125.50      3.099
    125.60      3.307
    125.70      3.384
    125.80      3.425
    125.90      3.568
    126.00      3.588
    126.10      3.695
    126.20      3.739
    126.30      3.662
    126.40      3.808
    126.50      3.955
    126.60      3.961
    126.70      3.841
    126.80      3.987
    126.90      4.013
    127.00      4.098
    127.10      4.110
    127.20      4.230
    127.30      4.187
    127.40      4.189
    127.50      4.299
    127.60      4.105
    127.70      4.218
    127.80      4.173
    127.90      4.099
    128.00      4.154
    128.10      4.120
    128.20      3.901
    128.30      3.994
    128.40      3.776
    128.50      3.896
    128.60      3.931
    128.70      3.906
    128.80      3.862
    128.90      3.770
    129.00      3.596
    129.10      3.521
    129.20      3.581
    129.30      3.417
    129.40      3.495
    129.50      3.647
    129.60      3.733
    129.70      3.847
    129.80      3.737
    129.90      3.885
    130.00      3.681
    130.10      3.650
    130.20      3.429
    130.30      3.259
    130.40      3.268
    130.50      3.322
    130.60      3.503
    130.70      3.463
    130.80      3.415
    130.90      3.325
    131.00      3.035
    131.10      2.890
    131.20      2.849
    131.30      2.959
    131.40      2.926
    131.50      2.899
    131.60      2.871
    131.70      2.844
    131.80      2.639
    131.90      2.384
    132.00      2.331
    132.10      2.152
    132.20      1.885
    132.30      1.686
    132.40      1.496
    132.50      1.526
    132.60      1.504
    132.70      1.538
    132.80      1.454
    132.90      1.405
    133.00      1.418
    133.10      1.352
    133.20      1.142
    133.30      1.048
    133.40      0.842
    133.50      0.451
    133.60      0.329
    133.70      0.407
    133.80      0.286
    133.90      0.276
    134.00      0.235
    134.10      0.276
    134.20      0.398
    134.30      0.223
    134.40      0.102
    134.50     -0.054
    134.60     -0.185
    134.70     -0.162
    134.80     -0.175
    134.90     -0.301
    135.00     -0.423
    135.10     -0.757
    135.20     -0.919
    135.30     -0.840
    135.40     -0.954
    135.50     -1.100
    135.60     -1.024
    135.70     -0.993
    135.80     -1.122
    135.90     -1.006
    136.00     -0.836
    136.10     -0.988
    136.20     -1.046
    136.30     -1.086
    136.40     -1.273
    136.50     -1.482
    136.60     -1.523
    136.70     -1.573
    136.80     -1.729
    136.90     -1.831
    137.00     -1.937
    137.10     -1.814
    137.20     -1.563
    137.30     -1.627
    137.40     -1.711
    137.50     -1.919
    137.60     -1.928
    137.70     -1.898
    137.80     -1.717
    137.90     -1.802
    138.00     -1.814
    138.10     -1.965
    138.20     -2.329
    138.30     -2.239
    138.40     -2.241
    138.50     -2.302
    138.60     -2.436
    138.70     -2.540
    138.80     -2.652
    138.90     -2.776
    139.00     -2.777
    139.10     -2.795
    139.20     -2.690
    139.30     -2.682
    139.40     -2.644
    139.50     -2.636
    139.60     -2.597
    139.70     -2.465
    139.80     -2.407
    139.90     -2.153
    140.00     -2.001
    140.10     -2.066
    140.20     -1.768
    140.30     -1.847
    140.40     -1.630
    140.50     -1.616
    140.60     -1.638
    140.70     -1.614
    140.80     -1.562
    140.90     -1.548
    141.00     -1.439
    141.10     -1.377
    141.20     -1.424
    141.30     -1.327
    141.40     -1.328
    141.50     -1.437
    141.60     -1.366
    141.70     -1.303
    141.80     -1.237
    141.90     -1.066
    142.00     -0.944
    142.10     -0.868
    142.20     -0.726
    142.30     -0.665
    142.40     -0.676
    142.50     -0.694
    142.60     -0.656
    142.70     -0.622
    142.80     -0.743
    142.90     -0.600
    143.00     -0.334
    143.10     -0.166
    143.20     -0.065
    143.30      0.026
    143.40      0.132
    143.50      0.343
    143.60      0.460
    143.70      0.437
    143.80      0.409
    143.90      0.568
    144.00      0.661
    144.10      0.818
    144.20      0.913
    144.30      0.977
    144.40      1.310
    144.50      1.478
    144.60      1.392
    144.70      1.372
    144.80      1.598
    144.90      1.735
    145.00      1.634
    145.10      1.708
    145.20      1.915
    145.30      2.045
    145.40      2.129
    145.50      2.215
    145.60      2.382
    145.70      2.421
    145.80      2.261
    145.90      2.221
    146.00      2.193
    146.10      2.227
    146.20      2.180
    146.30      2.259
    146.40      2.483
    146.50      2.749
    146.60      2.905
    146.70      2.761
    146.80      2.767
    146.90      2.949
    147.00      3.144
    147.10      3.358
    147.20      3.422
    147.30      3.474
    147.40      3.536
    147.50      3.439
    147.60      3.492
    147.70      3.446
    147.80      3.657
    147.90      3.803
    148.00      3.893
    148.10      4.067
    148.20      4.182
    148.30      4.497
    148.40      4.767
    148.50      4.800
    148.60      4.790
    148.70      4.847
    148.80      4.790
    148.90      4.786
    149.00      4.913
    149.10      5.271
    149.20      5.452
    149.30      5.580
    149.40      5.695
    149.50      5.837
    149.60      5.950
    149.70      5.998
    149.80      6.207
    149.90      6.365
    150.00      6.477
    150.10      6.822
    150.20      6.903
    150.30      6.722
    150.40      6.841
    150.50      6.923
    150.60      7.037
    150.70      7.083
    150.80      7.331
    150.90      7.454
    151.00      7.335
    151.10      7.360
    151.20      7.301
    151.30      7.395
    151.40      7.307
    151.50      7.416
    151.60      7.552
    151.70      7.338
    151.80      7.239
    151.90      7.383
    152.00      7.323
    152.10      7.490
    152.20      7.621
    152.30      7.570
    152.40      7.655
    152.50      7.812
    152.60      7.911
    152.70      7.985
    152.80      8.021
    152.90      8.111
    153.00      8.118
    153.10      8.159
    153.20      8.118
    153.30      8.288
    153.40      8.271
    153.50      8.163
    153.60      8.308
    153.70      8.272
    153.80      8.008
    153.90      8.105
    154.00      8.129
    154.10      8.113
    154.20      7.993
    154.30      7.988
    154.40      8.030
    154.50      8.266
    154.60      8.165
    154.70      7.962
    154.80      7.892
    154.90      7.940
    155.00      7.873
    155.10      8.082
    155.20      7.886
    155.30      7.833
    155.40      7.899
    155.50      7.896
    155.60      7.919
    155.70      7.782
    155.80      7.713
    155.90      7.754
    156.00      7.612
    156.10      7.536
    156.20      7.377
    156.30      7.438
    156.40      7.433
    156.50      7.460
    156.60      7.461
    156.70      7.427
    156.80      7.351
    156.90      7.372
    157.00      7.444
    157.10      7.380
    157.20      7.380
    157.30      7.505
    157.40      7.418
    157.50      7.376
    157.60      7.319
    157.70      7.369
    157.80      7.394
    157.90      7.535
    158.00      7.611
    158.10      7.629
    158.20      7.636
    158.30      7.710
    158.40      7.922
    158.50      7.859
    158.60      7.848
    158.70      7.964
    158.80      7.830
    158.90      7.703
    159.00      7.656
    159.10      7.586
    159.20      7.634
    159.30      7.637
    159.40      7.572
    159.50      7.555
    159.60      7.448
    159.70      7.493
    159.80      7.330
    159.90      7.304
    160.00      7.167
    160.10      7.027
    160.20      7.022
    160.30      7.061
    160.40      7.159
    160.50      7.127
    160.60      7.146
    160.70      7.276
    160.80      7.280
    160.90      7.221
    161.00      7.336
    161.10      7.432
    161.20      7.454
    161.30      7.336
    161.40      7.290
    161.50      7.408
    161.60      7.412
    161.70      7.585
    161.80      7.579
    161.90      7.562
    162.00      7.577
    162.10      7.483
    162.20      7.254
    162.30      7.372
    162.40      7.499
    162.50      7.460
    162.60      7.228
    162.70      7.096
    162.80      7.243
    162.90      7.435
    163.00      7.377
    163.10      7.267
    163.20      7.487
    163.30      7.454
    163.40      7.369
    163.50      7.619
    163.60      7.672
    163.70      7.657
    163.80      7.581
    163.90      7.510
    164.00      7.503
    164.10      7.333
    164.20      7.204
    164.30      7.069
    164.40      7.080
    164.50      7.082
    164.60      7.278
    164.70      7.331
    164.80      7.295
    164.90      7.304
    165.00      7.425
    165.10      7.527
    165.20      7.571
    165.30      7.770
    165.40      7.648
    165.50      7.753
    165.60      7.746
    165.70      7.898
    165.80      7.682
    165.90      7.616
    166.00      7.566
    166.10      7.497
    166.20      7.408
    166.30      7.488
    166.40      7.565
    166.50      7.572
    166.60      7.492
    166.70      7.604
    166.80      7.389
    166.90      7.557
    167.00      7.430
    167.10      7.446
    167.20      7.454
    167.30      7.479
    167.40      7.592
    167.50      7.516
    167.60      7.693
    167.70      7.728
    167.80      7.760
    167.90      7.663
    168.00      7.591
    168.10      7.493
    168.20      7.477
    168.30      7.492
    168.40      7.558
    168.50      7.695
    168.60      7.805
    168.70      7.945
    168.80      7.970
    168.90      7.862
    169.00      7.894
    169.10      8.117
    169.20      8.260
    169.30      8.331
    169.40      8.332
    169.50      8.361
    169.60      8.414
    169.70      8.263
    169.80      8.045
    169.90      8.056
    170.00      7.930
    170.10      7.931
    170.20      8.069
    170.30      7.854
    170.40      7.990
    170.50      7.859
    170.60      8.016
    170.70      8.074
    170.80      8.160
    170.90      8.132
    171.00      8.165
    171.10      8.124
    171.20      8.026
    171.30      7.933
    171.40      7.819
    171.50      7.934
    171.60      7.966
    171.70      8.014
    171.80      7.954
    171.90      7.800
    172.00      8.152
    172.10      8.159
    172.20      8.028
    172.30      8.028
    172.40      8.112
    172.50      8.109
    172.60      8.240
    172.70      8.225
    172.80      8.208
    172.90      8.121
    173.00      8.082
    173.10      7.991
    173.20      8.045
    173.30      8.020
    173.40      8.009
    173.50      8.117
    173.60      8.087
    173.70      8.289
    173.80      8.368
    173.90      8.500
    174.00      8.652
    174.10      8.683
    174.20      8.661
    174.30      8.823
    174.40      9.025
    174.50      9.297
    174.60      9.649
    174.70      9.658
    174.80      9.618
    174.90      9.772
    175.00      9.689
    175.10      9.669
    175.20      9.691
    175.30      9.858
    175.40      9.798
    175.50      9.926
    175.60      9.831
    175.70     10.001
    175.80      9.990
    175.90     10.105
    176.00     10.015
    176.10      9.991
    176.20     10.012
    176.30      9.940
    176.40      9.980
    176.50      9.917
    176.60      9.886
    176.70      9.928
    176.80     10.023
    176.90     10.061
    177.00      9.947
    177.10      9.955
    177.20      9.820
    177.30      9.564
    177.40      9.444
    177.50      9.263
    177.60      9.189
    177.70      9.212
    177.80      9.287
    177.90      9.122
    178.00      9.127
    178.10      8.953
    178.20      8.973
    178.30      8.995
    178.40      8.896
    178.50      8.874
    178.60      8.779
    178.70      8.898
    178.80      9.038
    178.90      9.074
    179.00      9.137
    179.10      9.124
    179.20      9.071
    179.30      9.006
    179.40      8.842
    179.50      8.838
    179.60      8.799
    179.70      8.790
    179.80      8.871
    179.90      8.683
    180.00      8.751
    180.10      8.816
    180.20      8.941
    180.30      8.709
    180.40      8.595
    180.50      8.573
    180.60      8.560
    180.70      8.393
    180.80      8.475
    180.90      8.434
    181.00      8.269
    181.10      8.076
    181.20      7.885
    181.30      7.973
    181.40      7.857
    181.50      7.655
    181.60      7.629
    181.70      7.576
    181.80      7.513
    181.90      7.393
    182.00      7.400
    182.10      7.334
    182.20      7.285
    182.30      7.343
    182.40      7.209
    182.50      7.082
    182.60      7.077
    182.70      6.969
    182.80      6.863
    182.90      6.662
    183.00      6.609
    183.10      6.599
    183.20      6.624
    183.30      6.646
    183.40      6.652
    183.50      6.626
    183.60      6.622
    183.70      6.570
    183.80      6.689
    183.90      6.771
    184.00      6.834
    184.10      7.005
    184.20      6.943
    184.30      6.864
    184.40      6.963
    184.50      6.994
    184.60      6.753
    184.70      6.702
    184.80      6.824
    184.90      6.728
    185.00      6.822
    185.10      6.796
    185.20      6.602
    185.30      6.686
    185.40      6.689
    185.50      6.579
    185.60      6.461
    185.70      6.402
    185.80      6.386
    185.90      6.465
    186.00      6.497
    186.10      6.447
    186.20      6.249
    186.30      6.205
    186.40      6.239
    186.50      6.309
    186.60      6.361
    186.70      6.456
    186.80      6.233
    186.90      6.014
    187.00      5.922
    187.10      5.771
    187.20      5.815
    187.30      5.715
    187.40      5.873
    187.50      5.856
    187.60      5.788
    187.70      5.799
    187.80      5.824
    187.90      5.764
    188.00      5.761
    188.10      5.749
    188.20      5.673
    188.30      5.493
    188.40      5.463
    188.50      5.595
    188.60      5.400
    188.70      5.327
    188.80      5.185
    188.90      5.058
    189.00      4.925
    189.10      5.024
    189.20      5.045
    189.30      5.035
    189.40      4.899
    189.50      5.016
    189.60      5.153
    189.70      5.248
    189.80      5.249
    189.90      5.188
    190.00      5.162
    190.10      5.060
    190.20      4.972
    190.30      4.753
    190.40      4.650
    190.50      4.536
    190.60      4.512
    190.70      4.568
    190.80      4.435
    190.90      4.519
    191.00      4.549
    191.10      4.451
    191.20      4.469
    191.30      4.518
    191.40      4.347
    191.50      4.313
    191.60      4.157
    191.70      3.936
    191.80      3.796
    191.90      3.684
    192.00      3.593
    192.10      3.415
    192.20      3.204
    192.30      3.126
    192.40      3.076
    192.50      3.097
    192.60      3.199
    192.70      3.253
    192.80      3.322
    192.90      3.108
    193.00      3.298
    193.10      3.521
    193.20      3.582
    193.30      3.377
    193.40      3.593
    193.50      3.622
    193.60      3.369
    193.70      3.393
    193.80      3.478
    193.90      3.440
    194.00      3.370
    194.10      3.423
    194.20      3.157
    194.30      3.120
    194.40      3.148
    194.50      3.447
    194.60      3.572
    194.70      3.552
    194.80      3.587
    194.90      3.754
    195.00      3.733
    195.10      3.762
    195.20      3.926
    195.30      3.789
    195.40      3.975
    195.50      3.847
    195.60      3.876
    195.70      3.911
    195.80      4.148
    195.90      4.213
    196.00      4.213
    196.10      4.126
    196.20      3.908
    196.30      3.936
    196.40      4.093
    196.50      4.136
    196.60      4.316
    196.70      4.425
    196.80      4.284
    196.90      4.376
    197.00      4.678
    197.10      4.660
    197.20      4.701
    197.30      4.730
    197.40      4.740
    197.50      4.815
    197.60      4.951
    197.70      5.051
    197.80      5.126
    197.90      5.156
    198.00      5.127
    198.10      5.235
    198.20      5.261
    198.30      5.205
    198.40      5.386
    198.50      5.452
    198.60      5.867
    198.70      6.059
    198.80      6.205
    198.90      6.197
    199.00      6.169
    199.10      6.219
    199.20      6.322
    199.30      6.431
    199.40      6.486
    199.50      6.601
    199.60      6.674
    199.70      6.596
    199.80      6.712
    199.90      6.849
    200.00      6.912
    200.10      6.868
    200.20      7.138
    200.30      7.160
    200.40      7.345
    200.50      7.324
    200.60      7.181
    200.70      7.211
    200.80      7.401
    200.90      7.391
    201.00      7.317
    201.10      7.444
    201.20      7.505
    201.30      7.486
    201.40      7.430
    201.50      7.480
    201.60      7.674
    201.70      7.526
    201.80      7.617
    201.90      7.653
    202.00      7.751
    202.10      7.820
    202.20      7.929
    202.30      7.819
    202.40      7.719
    202.50      7.860
    202.60      7.773
    202.70      7.752
    202.80      7.696
    202.90      7.645
    203.00      7.848
    203.10      7.784
    203.20      7.576
    203.30      7.582
    203.40      7.536
    203.50      7.687
    203.60      7.751
    203.70      7.705
    203.80      7.617
    203.90      7.541
    204.00      7.498
    204.10      7.487
    204.20      7.381
    204.30      7.355
    204.40      7.416
    204.50      7.597
    204.60      7.672
    204.70      7.682
    204.80      7.624
    204.90      7.553
    205.00      7.531
    205.10      7.528
    205.20      7.552
    205.30      7.554
    205.40      7.602
    205.50      7.578
    205.60      7.551
    205.70      7.444
    205.80      7.442
    205.90      7.549
    206.00      7.308
    206.10      7.253
    206.20      7.241
    206.30      7.382
    206.40      7.392
    206.50      7.330
    206.60      7.586
    206.70      7.700
    206.80      7.754
    206.90      7.798
    207.00      7.958
    207.10      7.887
    207.20      7.947
    207.30      7.780
    207.40      7.698
    207.50      7.597
    207.60      7.508
    207.70      7.409
    207.80      7.370
    207.90      7.230
    208.00      7.200
    208.10      7.309
    208.20      7.188
    208.30      7.234
    208.40      7.302
    208.50      7.510
    208.60      7.503
    208.70      7.473
    208.80      7.544
    208.90      7.661
    209.00      7.655
    209.10      7.708
    209.20      7.687
    209.30      7.742
    209.40      7.780
    209.50      7.759
    209.60      7.790
    209.70      7.765
    209.80      7.770
    209.90      7.901
    210.00      7.852
    210.10      7.944
    210.20      7.797
    210.30      7.760
    210.40      7.790
    210.50      7.982
    210.60      7.937
    210.70      7.969
    210.80      8.179
    210.90      8.212
    211.00      8.290
    211.10      8.339
    211.20      8.388
    211.30      8.378
    211.40      8.488
    211.50      8.203
    211.60      8.267
    211.70      8.449
    211.80      8.512
    211.90      8.456
    212.00      8.517
    212.10      8.629
    212.20      8.700
    212.30      8.744
    212.40      8.611
    212.50      8.593
    212.60      8.828
    212.70      8.895
    212.80      8.695
    212.90      8.542
    213.00      8.657
    213.10      8.717
    213.20      8.745
    213.30      8.726
    213.40      8.800
    213.50      8.901
    213.60      8.875
    213.70      8.987
    213.80      8.885
    213.90      8.883
    214.00      8.939
    214.10      9.186
    214.20      9.162
    214.30      9.195
    214.40      9.403
    214.50      9.497
    214.60      9.594
    214.70      9.504
    214.80      9.484
    214.90      9.714
    215.00      9.736
    215.10      9.794
    215.20      9.850
    215.30      9.850
    215.40      9.892
    215.50      9.867
    215.60      9.913
    215.70     10.005
    215.80     10.258
    215.90     10.295
    216.00     10.234
    216.10     10.286
    216.20     10.394
    216.30     10.307
    216.40     10.350
    216.50     10.180
    216.60     10.277
    216.70     10.191
    216.80     10.050
    216.90     10.002
    217.00     10.216
    217.10     10.155
    217.20      9.999
    217.30     10.047
    217.40      9.897
    217.50      9.844
    217.60      9.943
    217.70      9.981
    217.80      9.947
    217.90     10.072
    218.00     10.174
    218.10     10.148
    218.20      9.856
    218.30      9.696
    218.40      9.458
    218.50      9.449
    218.60      9.602
    218.70      9.507
    218.80      9.347
    218.90      9.375
    219.00      9.173
    219.10      8.954
    219.20      9.200
    219.30      9.107
    219.40      9.085
    219.50      9.044
    219.60      9.097
    219.70      9.088
    219.80      8.901
    219.90      8.919
    220.00      8.790
    220.10      8.517
    220.20      8.367
    220.30      8.465
    220.40      8.434
    220.50      8.339
    220.60      8.130
    220.70      8.322
    220.80      8.423
    220.90      8.366
    221.00      8.470
    221.10      8.474
    221.20      8.556
    221.30      8.595
    221.40      8.662
    221.50      8.563
    221.60      8.790
    221.70      8.708
    221.80      8.585
    221.90      8.474
    222.00      8.567
    222.10      8.514
    222.20      8.687
    222.30      8.635
    222.40      8.851
    222.50      8.866
    222.60      8.813
    222.70      8.843
    222.80      8.673
    222.90      8.783
    223.00      8.688
    223.10      8.874
    223.20      9.035
    223.30      8.979
    223.40      8.831
    223.50      8.870
    223.60      8.852
    223.70      8.913
    223.80      8.947
    223.90      9.117
    224.00      9.295
    224.10      9.225
    224.20      9.110
    224.30      9.050
    224.40      8.903
    224.50      8.873
    224.60      8.842
    224.70      8.748
    224.80      8.805
    224.90      8.867
    225.00      8.867
    225.10      8.950
    225.20      8.993
    225.30      9.177
    225.40      9.268
    225.50      9.224
    225.60      9.089
    225.70      9.176
    225.80      9.246
    225.90      9.054
    226.00      9.196
    226.10      8.964
    226.20      8.850
    226.30      8.896
    226.40      9.106
    226.50      9.071
    226.60      9.273
    226.70      9.295
    226.80      9.197
    226.90      9.156
    227.00      9.252
    227.10      9.153
    227.20      9.227
    227.30      9.271
    227.40      9.097
    227.50      9.102
    227.60      9.094
    227.70      9.223
    227.80      9.409
    227.90      9.272
    228.00      9.170
    228.10      9.167
    228.20      9.180
    228.30      9.070
    228.40      9.099
    228.50      8.987
    228.60      9.025
    228.70      9.127
    228.80      9.087
    228.90      9.055
    229.00      9.275
    229.10      9.245
    229.20      9.202
    229.30      9.346
    229.40      9.287
    229.50      9.234
    229.60      9.164
    229.70      9.333
    229.80      9.111
    229.90      9.040
    230.00      9.022
    230.10      9.042
    230.20      9.182
    230.30      9.371
    230.40      9.335
    230.50      9.447
    230.60      9.489
    230.70      9.255
    230.80      9.327
    230.90      9.488
    231.00      9.413
    231.10      9.339
    231.20      9.617
    231.30      9.938
    231.40      9.957
    231.50     10.077
    231.60     10.107
    231.70     10.195
    231.80     10.170
    231.90     10.434
    232.00     10.477
    232.10     10.484
    232.20     10.511
    232.30     10.537
    232.40     10.620
    232.50     11.073
    232.60     11.108
    232.70     10.926
    232.80     11.115
    232.90     11.169
    233.00     11.274
    233.10     11.213
    233.20     11.396
    233.30     11.464
    233.40     11.465
    233.50      0.000
    233.60      0.070
    233.70      0.219
    233.80      0.370
    233.90      0.578
    234.00      0.743
    234.10      0.855
    234.20      0.953
    234.30      1.057
    234.40      1.148
    234.50      1.399
    234.60      1.720
    234.70      1.686
    234.80      1.785
    234.90      1.622
    235.00      1.754
    235.10      1.873
    235.20      2.012
    235.30      1.869
    235.40      1.736
    235.50      1.781
    235.60      1.861
    235.70      2.016
    235.80      1.958
    235.90      1.978
    236.00      2.054
    236.10      1.801
    236.20      1.860
    236.30      2.001
    236.40      2.028
    236.50      2.130
    236.60      2.105
    236.70      2.036
    236.80      2.207
    236.90      2.295
    237.00      2.476
    237.10      2.636
    237.20      2.844
    237.30      2.918
    237.40      3.038
    237.50      3.113
    237.60      3.291
    237.70      3.470
    237.80      3.507
    237.90      3.549
    238.00      3.761
    238.10      3.768
    238.20      3.812
    238.30      4.018
    238.40      4.156
    238.50      4.169
    238.60      4.270
    238.70      4.365
    238.80      4.568
    238.90      4.794
    239.00      4.933
    239.10      4.997
    239.20      4.933
    239.30      4.929
    239.40      5.150
    239.50      5.300
    239.60      5.272
    239.70      5.334
    239.80      5.610
    239.90      5.785
    240.00      5.988
    240.10      6.174
    240.20      6.199
    240.30      6.426
    240.40      6.449
    240.50      6.344
    240.60      6.544
    240.70      6.580
    240.80      6.630
    240.90      6.559
    241.00      6.661
    241.10      6.759
    241.20      6.760
    241.30      6.783
    241.40      6.924
    241.50      6.943
    241.60      6.904
    241.70      6.856
    241.80      7.045
    241.90      7.061
    242.00      7.173
    242.10      7.140
    242.20      7.307
    242.30      7.326
    242.40      7.273
    242.50      7.317
    242.60      7.388
    242.70      7.675
    242.80      7.927
    242.90      8.029
    243.00      8.127
    243.10      8.264
    243.20      8.221
    243.30      8.342
    243.40      8.375
    243.50      8.356
    243.60      8.558
    243.70      8.442
    243.80      8.536
    243.90      8.756
    244.00      8.764
    244.10      8.576
    244.20      8.780
    244.30      8.804
    244.40      8.804
    244.50      8.843
    244.60      8.713
    244.70      8.599
    244.80      8.553
    244.90      8.724
    245.00      9.041
    245.10      9.009
    245.20      8.973
    245.30      9.134
    245.40      9.236
    245.50      9.429
    245.60      9.340
    245.70      9.473
    245.80      9.426
    245.90      9.418
    246.00      9.680
    246.10      9.773
    246.20      9.739
    246.30      9.696
    246.40      9.665
    246.50      9.761
    246.60      9.805
    246.70      9.738
    246.80      9.855
    246.90      9.918
    247.00      9.855
    247.10      9.900
    247.20      9.910
    247.30      9.916
