      0.00     -0.114
      0.10      0.087
      0.20      0.247
      0.30      0.402
      0.40      0.548
      0.50      0.634
      0.60      0.667
      0.70      0.728
      0.80      0.678
      0.90      0.769
      1.00      0.741
      1.10      0.652
      1.20      0.576
      1.30      0.618
      1.40      0.807
      1.50      0.846
      1.60      0.960
      1.70      1.120
      1.80      1.249
      1.90      1.294
      2.00      1.155
      2.10      1.181
      2.20      1.132
      2.30      1.139
      2.40      1.310
      2.50      1.365
      2.60      1.184
      2.70      1.368
      2.80      1.584
      2.90      1.358
      3.00      1.300
      3.10      1.280
      3.20      1.512
      3.30      1.513
      3.40      1.601
      3.50      1.519
      3.60      1.519
      3.70      1.617
      3.80      1.753
      3.90      1.675
      4.00      1.659
      4.10      1.579
      4.20      1.460
      4.30      1.538
      4.40      1.530
      4.50      1.567
      4.60      1.374
      4.70      1.449
      4.80      1.631
      4.90      1.762
      5.00      1.855
      5.10      1.913
      5.20      1.979
      5.30      1.998
      5.40      1.976
      5.50      1.965
      5.60      1.984
      5.70      1.991
      5.80      2.078
      5.90      2.217
      6.00      2.337
      6.10      2.490
      6.20      2.709
      6.30      2.800
      6.40      2.918
      6.50      2.914
      6.60      2.933
      6.70      2.877
      6.80      3.076
      6.90      3.100
      7.00      3.177
      7.10      3.331
      7.20      3.324
      7.30      3.229
      7.40      3.217
      7.50      3.196
      7.60      3.178
      7.70      3.280
      7.80      3.412
      7.90      3.328
      8.00      3.357
      8.10      3.507
      8.20      3.609
      8.30      3.926
      8.40      3.819
      8.50      3.890
      8.60      3.887
      8.70      3.900
      8.80      3.771
      8.90      3.865
      9.00      4.026
      9.10      3.904
      9.20      3.766
      9.30      3.833
      9.40      3.913
      9.50      3.711
      9.60      3.604
      9.70      3.768
      9.80      3.915
      9.90      3.860
     10.00      3.991
     10.10      4.020
     10.20      4.288
     10.30      4.510
     10.40      4.596
     10.50      4.518
     10.60      4.403
     10.70      4.560
     10.80      4.494
     10.90      4.551
     11.00      4.548
     11.10      4.459
     11.20      4.578
     11.30      4.731
     11.40      4.673
     11.50      4.728
     11.60      4.844
     11.70      4.840
     11.80      5.138
     11.90      5.289
     12.00      5.220
     12.10      5.291
     12.20      5.337
     12.30      5.147
     12.40      5.127
     12.50      5.180
     12.60      5.170
     12.70      5.220
     12.80      5.249
     12.90      5.217
     13.00      5.303
     13.10      5.484
     13.20      5.494
     13.30      5.407
     13.40      5.340
     13.50      5.077
     13.60      5.317
     13.70      5.401
     13.80      5.412
     13.90      5.367
     14.00      5.458
     14.10      5.184
     14.20      5.164
     14.30      5.088
     14.40      5.151
     14.50      5.198
     14.60      5.394
     14.70      5.431
     14.80      5.577
     14.90      5.575
     15.00      5.585
     15.10      5.782
     15.20      5.742
     15.30      5.627
     15.40      5.602
     15.50      5.656
     15.60      5.691
     15.70      5.811
     15.80      5.875
     15.90      6.069
     16.00      6.002
     16.10      5.983
     16.20      5.971
     16.30      6.103
     16.40      6.156
     16.50      6.109
     16.60      6.034
     16.70      6.140
     16.80      5.979
     16.90      6.032
     17.00      6.125
     17.10      6.044
     17.20      6.129
     17.30      6.083
     17.40      5.834
     17.50      5.960
     17.60      5.937
     17.70      6.058
     17.80      6.142
     17.90      6.088
     18.00      5.984
     18.10      6.149
     18.20      6.208
     18.30      6.083
     18.40      6.175
     18.50      6.178
     18.60      6.054
     18.70      6.175
     18.80      6.392
     18.90      6.540
     19.00      6.524
     19.10      6.627
     19.20      6.805
     19.30      6.840
     19.40      7.009
     19.50      7.007
     19.60      6.747
     19.70      6.805
     19.80      6.777
     19.90      6.789
     20.00      6.872
     20.10      7.118
     20.20      7.108
     20.30      7.150
     20.40      7.329
     20.50      7.407
     20.60      7.568
     20.70      7.383
     20.80      7.391
     20.90      7.530
     21.00      7.524
     21.10      7.582
     21.20      7.593
     21.30      7.621
     21.40      7.469
     21.50      7.536
     21.60      7.608
     21.70      7.590
     21.80      7.690
     21.90      7.569
     22.00      7.453
     22.10      7.314
     22.20      7.257
     22.30      7.299
     22.40      7.544
     22.50      7.608
     22.60      7.642
     22.70      7.711
     22.80      7.749
     22.90      7.861
     23.00      7.763
     23.10      7.901
     23.20      7.900
     23.30      7.880
     23.40      8.050
     23.50      8.132
     23.60      8.051
     23.70      8.164
     23.80      8.184
     23.90      8.265
     24.00      8.328
     24.10      8.380
     24.20      8.374
     24.30      8.109
     24.40      8.097
     24.50      8.069
     24.60      7.992
     24.70      8.266
     24.80      8.425
     24.90      8.426
     25.00      8.276
     25.10      8.282
     25.20      8.323
     25.30      8.293
     25.40      8.207
     25.50      8.130
     25.60      8.229
     25.70      8.119
     25.80      8.140
     25.90      8.131
     26.00      8.166
     26.10      8.008
     26.20      8.056
     26.30      8.227
     26.40      8.062
     26.50      8.062
     26.60      8.140
     26.70      8.220
     26.80      7.965
     26.90      7.946
     27.00      7.939
     27.10      7.918
     27.20      7.964
     27.30      7.955
     27.40      8.141
     27.50      8.349
     27.60      8.351
     27.70      8.392
     27.80      8.411
     27.90      8.312
     28.00      8.203
     28.10      8.143
     28.20      8.264
     28.30      8.118
     28.40      8.184
     28.50      8.410
     28.60      8.628
     28.70      8.572
     28.80      8.675
     28.90      8.628
     29.00      8.691
     29.10      8.828
     29.20      8.856
     29.30      8.756
     29.40      8.889
     29.50      8.999
     29.60      9.007
     29.70      9.017
     29.80      9.064
     29.90      8.841
     30.00      8.826
     30.10      8.903
     30.20      8.786
     30.30      8.864
     30.40      8.953
     30.50      8.943
     30.60      8.987
     30.70      8.938
     30.80      8.909
     30.90      8.963
     31.00      9.012
     31.10      8.965
     31.20      9.179
     31.30      9.444
     31.40      9.369
     31.50      9.513
     31.60      9.438
     31.70      9.580
     31.80      9.505
     31.90      9.511
     32.00      9.560
     32.10      9.486
     32.20      9.557
     32.30      9.716
     32.40      9.610
     32.50      9.622
     32.60      9.651
     32.70      9.452
     32.80      9.559
     32.90      9.685
     33.00      9.532
     33.10      9.471
     33.20      9.421
     33.30      9.457
     33.40      9.496
     33.50      9.518
     33.60      9.635
     33.70      9.848
     33.80      9.823
     33.90      9.760
     34.00      9.740
     34.10      9.811
     34.20      9.585
     34.30      9.605
     34.40      9.538
     34.50      9.588
     34.60      9.529
     34.70      9.521
     34.80      9.520
     34.90      9.471
     35.00      9.866
     35.10      9.939
     35.20      9.969
     35.30      9.820
     35.40      9.899
     35.50     10.034
     35.60     10.067
     35.70      9.927
     35.80      9.768
     35.90      9.521
     36.00      9.477
     36.10      9.404
     36.20      9.142
     36.30      9.018
     36.40      9.070
     36.50      9.029
     36.60      8.920
     36.70      8.820
     36.80      8.773
     36.90      8.699
     37.00      8.725
     37.10      8.704
     37.20      8.671
     37.30      8.882
     37.40      8.827
     37.50      8.653
     37.60      8.686
     37.70      8.459
     37.80      8.333
     37.90      8.281
     38.00      8.214
     38.10      8.373
     38.20      8.483
     38.30      8.366
     38.40      8.246
     38.50      8.301
     38.60      8.151
     38.70      7.994
     38.80      8.045
     38.90      7.976
     39.00      7.911
     39.10      8.084
     39.20      7.886
     39.30      7.773
     39.40      7.648
     39.50      7.798
     39.60      8.011
     39.70      8.015
     39.80      8.004
     39.90      8.091
     40.00      7.943
     40.10      7.971
     40.20      8.055
     40.30      8.447
     40.40      8.428
     40.50      8.471
     40.60      8.519
     40.70      8.512
     40.80      8.499
     40.90      8.475
     41.00      8.502
     41.10      8.562
     41.20      8.714
     41.30      8.713
     41.40      8.557
     41.50      8.429
     41.60      8.527
     41.70      8.378
     41.80      8.423
     41.90      8.493
     42.00      8.436
     42.10      8.428
     42.20      8.358
     42.30      8.468
     42.40      8.228
     42.50      8.135
     42.60      8.121
     42.70      7.963
     42.80      7.887
     42.90      7.807
     43.00      7.732
     43.10      7.695
     43.20      7.620
     43.30      7.850
     43.40      7.760
     43.50      7.893
     43.60      7.548
     43.70      7.690
     43.80      7.401
     43.90      7.484
     44.00      7.313
     44.10      7.282
     44.20      7.213
     44.30      7.232
     44.40      7.075
     44.50      7.194
     44.60      7.061
     44.70      6.925
     44.80      6.963
     44.90      6.788
     45.00      6.720
     45.10      6.653
     45.20      6.767
     45.30      6.795
     45.40      6.819
     45.50      6.843
     45.60      6.721
     45.70      6.841
     45.80      6.814
     45.90      6.725
     46.00      6.602
     46.10      6.591
     46.20      6.643
     46.30      6.774
     46.40      6.816
     46.50      6.892
     46.60      6.985
     46.70      7.170
     46.80      7.359
     46.90      7.221
     47.00      7.167
     47.10      7.208
     47.20      7.116
     47.30      7.108
     47.40      7.335
     47.50      7.217
     47.60      7.130
     47.70      7.146
     47.80      7.145
     47.90      7.122
     48.00      7.083
     48.10      6.972
     48.20      7.272
     48.30      7.335
     48.40      7.197
     48.50      7.296
     48.60      7.322
     48.70      7.361
     48.80      7.419
     48.90      7.479
     49.00      7.447
     49.10      7.585
     49.20      7.652
     49.30      7.551
     49.40      7.562
     49.50      7.453
     49.60      7.613
     49.70      7.723
     49.80      7.707
     49.90      7.667
     50.00      7.594
     50.10      7.588
     50.20      7.543
     50.30      7.480
     50.40      7.570
     50.50      7.686
     50.60      7.757
     50.70      7.612
     50.80      7.642
     50.90      7.682
     51.00      7.526
     51.10      7.430
     51.20      7.320
     51.30      7.068
     51.40      7.089
     51.50      7.063
     51.60      7.166
     51.70      7.094
     51.80      6.964
     51.90      6.827
     52.00      6.810
     52.10      6.848
     52.20      6.677
     52.30      6.594
     52.40      6.385
     52.50      6.112
     52.60      6.056
     52.70      6.163
     52.80      6.220
     52.90      6.141
     53.00      6.184
     53.10      6.174
     53.20      5.958
     53.30      5.944
     53.40      5.927
     53.50      5.815
     53.60      5.549
     53.70      5.210
     53.80      5.179
     53.90      4.968
     54.00      5.013
     54.10      5.127
     54.20      5.191
     54.30      5.128
     54.40      5.045
     54.50      5.101
     54.60      5.156
     54.70      5.305
     54.80      5.126
     54.90      5.090
     55.00      5.209
     55.10      5.086
     55.20      5.212
     55.30      5.070
     55.40      5.010
     55.50      5.236
     55.60      5.173
     55.70      5.313
     55.80      5.435
     55.90      5.474
     56.00      5.278
     56.10      5.150
     56.20      5.066
     56.30      5.119
     56.40      5.112
     56.50      4.928
     56.60      5.091
     56.70      5.245
     56.80      5.092
     56.90      5.115
     57.00      5.061
     57.10      5.001
     57.20      4.731
     57.30      4.655
     57.40      4.652
     57.50      4.462
     57.60      4.520
     57.70      4.339
     57.80      4.327
     57.90      4.167
     58.00      4.086
     58.10      3.857
     58.20      3.778
     58.30      3.856
     58.40      3.729
     58.50      3.485
     58.60      3.408
     58.70      3.441
     58.80      3.450
     58.90      3.332
     59.00      3.423
     59.10      3.455
     59.20      3.404
     59.30      3.195
     59.40      3.129
     59.50      3.088
     59.60      3.243
     59.70      3.106
     59.80      3.264
     59.90      3.517
     60.00      3.628
     60.10      3.632
     60.20      3.558
     60.30      3.543
     60.40      3.490
     60.50      3.444
     60.60      3.583
     60.70      3.497
     60.80      3.369
     60.90      3.380
     61.00      3.363
     61.10      3.130
     61.20      3.084
     61.30      3.141
     61.40      3.108
     61.50      3.167
     61.60      3.277
     61.70      3.289
     61.80      3.342
     61.90      3.382
     62.00      3.325
     62.10      3.169
     62.20      3.284
     62.30      3.382
     62.40      3.378
     62.50      3.314
     62.60      3.330
     62.70      3.280
     62.80      3.304
     62.90      3.244
     63.00      3.483
     63.10      3.631
     63.20      3.775
     63.30      3.845
     63.40      3.742
     63.50      3.638
     63.60      3.591
     63.70      3.387
     63.80      3.570
     63.90      3.684
     64.00      3.700
     64.10      3.733
     64.20      3.654
     64.30      3.693
     64.40      3.733
     64.50      3.842
     64.60      4.009
     64.70      4.189
     64.80      4.347
     64.90      4.349
     65.00      4.167
     65.10      4.275
     65.20      4.348
     65.30      4.333
     65.40      4.493
     65.50      4.476
     65.60      4.543
     65.70      4.575
     65.80      4.467
     65.90      4.662
     66.00      4.661
     66.10      4.695
     66.20      4.813
     66.30      4.890
     66.40      4.962
     66.50      5.179
     66.60      5.143
     66.70      5.213
     66.80      5.492
     66.90      5.622
     67.00      5.716
     67.10      5.941
     67.20      6.071
     67.30      5.984
     67.40      5.995
     67.50      6.215
     67.60      6.215
     67.70      6.080
     67.80      6.161
     67.90      6.063
     68.00      6.227
     68.10      6.249
     68.20      6.159
     68.30      6.089
     68.40      6.095
     68.50      6.010
     68.60      6.125
     68.70      6.322
     68.80      6.396
     68.90      6.518
     69.00      6.709
     69.10      6.798
     69.20      6.869
     69.30      7.022
     69.40      7.085
     69.50      7.024
     69.60      6.963
     69.70      7.113
     69.80      6.922
     69.90      6.845
     70.00      6.928
     70.10      6.994
     70.20      7.075
     70.30      7.176
     70.40      7.332
     70.50      7.419
     70.60      7.511
     70.70      7.647
     70.80      7.778
     70.90      7.864
     71.00      8.025
     71.10      8.173
     71.20      8.311
     71.30      8.253
     71.40      8.333
     71.50      8.600
     71.60      8.723
     71.70      8.970
     71.80      9.091
     71.90      9.085
     72.00      9.120
     72.10      9.168
     72.20      9.208
     72.30      9.334
     72.40      9.398
     72.50      9.573
     72.60      9.706
     72.70      9.787
     72.80      9.601
     72.90      9.735
     73.00      9.891
     73.10     10.084
     73.20     10.036
     73.30      9.998
     73.40     10.006
     73.50     10.083
     73.60     10.197
     73.70     10.072
     73.80     10.210
     73.90     10.541
     74.00     10.706
     74.10     10.680
     74.20     10.843
     74.30     10.927
     74.40     11.039
     74.50     11.099
     74.60     11.036
     74.70     10.855
     74.80     11.081
     74.90     11.299
     75.00     11.580
     75.10      0.000
     75.20      0.186
     75.30      0.205
     75.40      0.490
     75.50      0.550
     75.60      0.677
     75.70      0.764
     75.80      1.097
     75.90      1.141
     76.00      1.180
     76.10      1.410
     76.20      1.429
     76.30      1.503
     76.40      1.529
     76.50      1.744
     76.60      1.845
     76.70      1.964
     76.80      2.183
     76.90      2.363
     77.00      2.574
     77.10      2.823
     77.20      2.875
     77.30      2.903
     77.40      2.900
     77.50      3.083
     77.60      2.931
     77.70      2.958
     77.80      2.911
     77.90      3.003
     78.00      3.038
     78.10      3.117
     78.20      3.341
     78.30      3.363
     78.40      3.397
     78.50      3.354
     78.60      3.446
     78.70      3.479
     78.80      3.589
     78.90      3.606
     79.00      3.590
     79.10      3.541
     79.20      3.545
     79.30      3.636
     79.40      3.840
     79.50      3.926
     79.60      3.968
     79.70      4.144
     79.80      4.240
     79.90      4.011
     80.00      4.008
     80.10      4.153
     80.20      4.288
     80.30      4.242
     80.40      4.207
     80.50      4.105
     80.60      4.100
     80.70      4.007
     80.80      4.115
     80.90      4.070
     81.00      4.096
     81.10      4.101
     81.20      4.204
     81.30      4.269
     81.40      4.248
     81.50      4.477
     81.60      4.590
     81.70      4.687
     81.80      4.793
     81.90      4.901
     82.00      4.982
     82.10      5.155
     82.20      5.084
     82.30      4.975
     82.40      4.846
     82.50      4.993
     82.60      5.144
     82.70      5.219
     82.80      5.180
     82.90      5.189
     83.00      5.409
     83.10      5.422
     83.20      5.658
     83.30      5.691
     83.40      5.633
     83.50      5.618
     83.60      5.727
     83.70      5.646
     83.80      5.435
     83.90      5.389
     84.00      5.327
     84.10      5.203
     84.20      5.353
     84.30      5.584
     84.40      5.618
     84.50      5.528
     84.60      5.423
     84.70      5.418
     84.80      5.645
     84.90      5.654
     85.00      5.738
     85.10      5.717
     85.20      5.667
     85.30      5.566
     85.40      5.670
     85.50      5.782
     85.60      5.854
     85.70      5.936
     85.80      5.742
     85.90      5.885
     86.00      5.961
     86.10      6.094
     86.20      6.318
     86.30      6.456
     86.40      6.482
     86.50      6.320
     86.60      6.462
     86.70      6.737
     86.80      6.839
     86.90      6.641
     87.00      6.479
     87.10      6.431
     87.20      6.384
     87.30      6.285
     87.40      6.306
     87.50      6.081
     87.60      6.141
     87.70      6.095
     87.80      6.115
     87.90      6.452
     88.00      6.395
     88.10      6.551
     88.20      6.449
     88.30      6.620
     88.40      6.667
     88.50      6.584
     88.60      6.520
     88.70      6.356
     88.80      6.209
     88.90      6.249
     89.00      6.197
     89.10      6.131
     89.20      6.068
     89.30      6.109
     89.40      5.858
     89.50      5.717
     89.60      5.818
     89.70      5.879
     89.80      5.954
     89.90      5.860
     90.00      5.755
     90.10      5.777
     90.20      5.584
     90.30      5.752
     90.40      5.705
     90.50      5.636
     90.60      5.394
     90.70      5.516
     90.80      5.466
     90.90      5.372
     91.00      5.617
     91.10      5.700
     91.20      5.817
     91.30      5.941
     91.40      5.986
     91.50      6.151
     91.60      6.134
     91.70      6.137
     91.80      6.165
     91.90      6.280
     92.00      6.311
     92.10      6.286
     92.20      6.350
     92.30      6.431
     92.40      6.536
     92.50      6.600
     92.60      6.614
     92.70      6.523
     92.80      6.449
     92.90      6.554
     93.00      6.281
     93.10      6.246
     93.20      6.250
     93.30      6.424
     93.40      6.505
     93.50      6.299
     93.60      6.321
     93.70      6.299
     93.80      6.236
     93.90      6.400
     94.00      6.293
     94.10      6.268
     94.20      6.356
     94.30      6.392
     94.40      6.481
     94.50      6.432
     94.60      6.372
     94.70      6.535
     94.80      6.781
     94.90      6.732
     95.00      6.869
     95.10      6.820
     95.20      6.871
     95.30      6.879
     95.40      7.044
     95.50      6.917
     95.60      6.971
     95.70      7.021
     95.80      7.174
     95.90      7.318
     96.00      7.116
     96.10      7.103
     96.20      6.917
     96.30      6.902
     96.40      6.861
     96.50      6.725
     96.60      6.729
     96.70      6.851
     96.80      6.956
     96.90      6.900
     97.00      6.981
     97.10      7.042
     97.20      6.931
     97.30      6.816
     97.40      7.047
     97.50      7.270
     97.60      7.405
     97.70      7.485
     97.80      7.502
     97.90      7.630
     98.00      7.555
     98.10      7.445
     98.20      7.431
     98.30      7.499
     98.40      7.439
     98.50      7.500
     98.60      7.255
     98.70      7.382
     98.80      7.241
     98.90      7.477
     99.00      7.459
     99.10      7.547
     99.20      7.653
     99.30      7.845
     99.40      7.840
     99.50      7.778
     99.60      7.849
     99.70      7.659
     99.80      8.005
     99.90      8.125
    100.00      8.175
    100.10      8.157
    100.20      8.018
    100.30      8.126
    100.40      8.274
    100.50      8.381
    100.60      8.452
    100.70      8.512
    100.80      8.685
    100.90      8.673
    101.00      8.659
    101.10      8.661
    101.20      8.943
    101.30      9.012
    101.40      8.896
    101.50      9.005
    101.60      9.183
    101.70      9.260
    101.80      9.131
    101.90      9.173
    102.00      9.105
    102.10      9.290
    102.20      9.222
    102.30      9.377
    102.40      9.300
    102.50      9.424
    102.60      9.233
    102.70      9.345
    102.80      9.329
    102.90      9.129
    103.00      9.391
    103.10      9.529
    103.20      9.554
    103.30      9.481
    103.40      9.312
    103.50      9.239
    103.60      9.334
    103.70      9.287
    103.80      9.147
    103.90      9.347
    104.00      9.378
    104.10      9.223
    104.20      9.353
    104.30      9.335
    104.40      9.283
    104.50      9.272
    104.60      9.273
    104.70      9.391
    104.80      9.138
    104.90      9.135
    105.00      8.875
    105.10      8.792
    105.20      8.746
    105.30      8.735
    105.40      8.479
    105.50      8.390
    105.60      8.511
    105.70      8.580
    105.80      8.556
    105.90      8.470
    106.00      8.585
    106.10      8.559
    106.20      8.566
    106.30      8.429
    106.40      8.585
    106.50      8.405
    106.60      8.313
    106.70      8.246
    106.80      8.283
    106.90      8.253
    107.00      8.204
    107.10      8.180
    107.20      8.376
    107.30      8.576
    107.40      8.585
    107.50      8.756
    107.60      8.793
    107.70      8.776
    107.80      8.737
    107.90      8.883
    108.00      8.914
    108.10      8.955
    108.20      9.127
    108.30      9.144
    108.40      9.267
    108.50      9.311
    108.60      9.320
    108.70      9.309
    108.80      9.160
    108.90      9.208
    109.00      9.196
    109.10      8.909
    109.20      8.992
    109.30      8.969
    109.40      9.039
    109.50      9.343
    109.60      9.239
    109.70      9.237
    109.80      9.341
    109.90      9.257
    110.00      9.265
    110.10      9.266
    110.20      9.526
    110.30      9.583
    110.40      9.722
    110.50      9.897
    110.60     10.047
    110.70     10.148
    110.80     10.187
    110.90     10.215
    111.00     10.193
    111.10     10.242
    111.20     10.185
    111.30     10.232
    111.40     10.408
    111.50     10.514
    111.60     10.467
    111.70     10.585
    111.80     10.678
    111.90     10.903
    112.00     11.034
    112.10     11.179
    112.20     11.171
    112.30     11.291
    112.40     11.130
    112.50     11.167
    112.60     11.246
    112.70     11.091
    112.80     11.206
    112.90     11.332
    113.00     11.500
    113.10     11.568
    113.20      0.000
    113.30      0.084
    113.40      0.127
    113.50      0.189
    113.60      0.365
    113.70      0.605
    113.80      0.738
    113.90      0.723
    114.00      0.964
    114.10      1.142
    114.20      1.196
    114.30      1.424
    114.40      1.540
    114.50      1.676
    114.60      1.860
    114.70      2.021
    114.80      2.091
    114.90      2.143
    115.00      2.267
    115.10      2.365
    115.20      2.563
    115.30      2.650
    115.40      2.740
    115.50      2.811
    115.60      2.883
    115.70      2.938
    115.80      3.178
    115.90      3.192
    116.00      3.290
    116.10      3.371
    116.20      3.300
    116.30      3.427
    116.40      3.492
    116.50      3.619
    116.60      3.651
    116.70      3.811
    116.80      4.265
    116.90      4.239
    117.00      4.358
    117.10      4.532
    117.20      4.547
    117.30      4.594
    117.40      4.697
    117.50      4.735
    117.60      4.810
    117.70      5.012
    117.80      4.856
    117.90      4.996
    118.00      4.866
    118.10      4.806
    118.20      4.952
    118.30      4.930
    118.40      4.759
    118.50      5.099
    118.60      4.968
    118.70      4.946
    118.80      5.108
    118.90      5.162
    119.00      5.249
    119.10      5.338
    119.20      5.223
    119.30      5.357
    119.40      5.468
    119.50      5.460
    119.60      5.392
    119.70      5.560
    119.80      5.614
    119.90      5.490
    120.00      5.480
    120.10      5.471
    120.20      5.537
    120.30      5.713
    120.40      5.731
    120.50      5.865
    120.60      5.879
    120.70      5.982
    120.80      6.165
    120.90      6.166
    121.00      6.164
    121.10      6.205
    121.20      6.301
    121.30      6.353
    121.40      6.384
    121.50      6.572
    121.60      6.670
    121.70      6.718
    121.80      6.793
    121.90      6.780
    122.00      6.940
    122.10      6.854
    122.20      7.004
    122.30      6.865
    122.40      6.891
    122.50      6.823
    122.60      6.691
    122.70      6.725
    122.80      6.816
    122.90      6.900
    123.00      6.666
    123.10      6.704
    123.20      6.613
    123.30      6.742
    123.40      6.766
    123.50      6.832
    123.60      6.672
    123.70      6.476
    123.80      6.437
    123.90      6.478
    124.00      6.422
    124.10      6.509
    124.20      6.586
    124.30      6.580
    124.40      6.558
    124.50      6.420
    124.60      6.414
    124.70      6.547
    124.80      6.369
    124.90      6.560
    125.00      6.462
    125.10      6.548
    125.20      6.582
    125.30      6.547
    125.40      6.627
    125.50      6.607
    125.60      6.595
    125.70      6.445
    125.80      6.638
    125.90      6.756
    126.00      6.702
    126.10      6.727
    126.20      6.895
    126.30      6.848
    126.40      6.836
    126.50      6.839
    126.60      6.971
    126.70      6.760
    126.80      6.960
    126.90      6.964
    127.00      6.987
    127.10      6.836
    127.20      6.880
    127.30      7.140
    127.40      7.096
    127.50      7.092
    127.60      7.055
    127.70      7.204
    127.80      7.115
    127.90      7.195
    128.00      7.124
    128.10      7.293
    128.20      7.271
    128.30      7.191
    128.40      7.098
    128.50      6.774
    128.60      6.754
    128.70      6.862
    128.80      6.735
    128.90      6.839
    129.00      6.729
    129.10      6.687
    129.20      6.927
    129.30      6.850
    129.40      6.815
    129.50      7.094
    129.60      6.991
    129.70      6.933
    129.80      6.709
    129.90      6.864
    130.00      6.870
    130.10      6.759
    130.20      6.652
    130.30      6.661
    130.40      6.482
    130.50      6.341
    130.60      6.267
    130.70      6.207
    130.80      5.983
    130.90      5.816
    131.00      5.860
    131.10      6.072
    131.20      5.934
    131.30      6.030
    131.40      6.034
    131.50      5.964
    131.60      5.748
    131.70      5.737
    131.80      5.667
    131.90      5.626
    132.00      5.446
    132.10      5.193
    132.20      5.235
    132.30      5.060
    132.40      5.066
    132.50      4.969
    132.60      4.925
    132.70      4.869
    132.80      4.638
    132.90      4.704
    133.00      4.834
    133.10      4.837
    133.20      4.831
    133.30      4.853
    133.40      4.738
    133.50      4.519
    133.60      4.475
    133.70      4.334
    133.80      4.421
    133.90      4.431
    134.00      4.579
    134.10      4.330
    134.20      4.197
    134.30      3.978
    134.40      3.996
    134.50      3.849
    134.60      3.853
    134.70      3.858
    134.80      3.669
    134.90      3.647
    135.00      3.655
    135.10      3.853
    135.20      3.857
    135.30      3.797
    135.40      3.583
    135.50      3.398
    135.60      3.367
    135.70      3.308
    135.80      3.225
    135.90      3.226
    136.00      3.166
    136.10      2.920
    136.20      2.778
    136.30      2.473
    136.40      2.564
    136.50      2.355
    136.60      2.470
    136.70      2.408
    136.80      2.348
    136.90      2.325
    137.00      2.277
    137.10      2.271
    137.20      2.256
    137.30      2.296
    137.40      2.204
    137.50      2.169
    137.60      2.151
    137.70      2.058
    137.80      2.039
    137.90      1.993
    138.00      1.667
    138.10      1.492
    138.20      1.329
    138.30      1.292
    138.40      1.370
    138.50      1.342
    138.60      1.346
    138.70      1.171
    138.80      1.215
    138.90      1.097
    139.00      1.048
    139.10      1.153
    139.20      0.887
    139.30      0.842
    139.40      0.820
    139.50      0.915
    139.60      1.040
    139.70      1.043
    139.80      1.090
    139.90      1.114
    140.00      1.146
    140.10      1.156
    140.20      1.265
    140.30      1.021
    140.40      1.006
    140.50      1.005
    140.60      0.936
    140.70      0.723
    140.80      0.698
    140.90      0.816
    141.00      0.664
    141.10      0.687
    141.20      0.811
    141.30      0.857
    141.40      0.909
    141.50      0.904
    141.60      0.961
    141.70      1.139
    141.80      1.088
    141.90      1.153
    142.00      1.346
    142.10      1.392
    142.20      1.607
    142.30      1.478
    142.40      1.565
    142.50      1.459
    142.60      1.578
    142.70      1.742
    142.80      1.861
    142.90      1.983
    143.00      2.093
    143.10      2.250
    143.20      2.423
    143.30      2.496
    143.40      2.824
    143.50      2.908
    143.60      2.773
    143.70      2.827
    143.80      2.810
    143.90      3.031
    144.00      3.304
    144.10      3.320
    144.20      3.569
    144.30      3.595
    144.40      3.786
    144.50      3.796
    144.60      3.709
    144.70      3.744
    144.80      3.795
    144.90      3.563
    145.00      3.576
    145.10      3.727
    145.20      3.930
    145.30      4.066
    145.40      4.215
    145.50      4.381
    145.60      4.417
    145.70      4.587
    145.80      4.655
    145.90      4.787
    146.00      4.829
    146.10      4.888
    146.20      4.863
    146.30      4.910
    146.40      4.900
    146.50      4.954
    146.60      5.216
    146.70      5.144
    146.80      5.406
    146.90      5.574
    147.00      5.808
    147.10      5.899
    147.20      5.809
    147.30      5.864
    147.40      5.977
    147.50      5.982
    147.60      5.963
    147.70      5.975
    147.80      5.889
    147.90      6.305
    148.00      6.504
    148.10      6.553
    148.20      6.620
    148.30      6.602
    148.40      6.538
    148.50      6.685
    148.60      6.885
    148.70      7.263
    148.80      7.433
    148.90      7.686
    149.00      7.790
    149.10      7.860
    149.20      8.207
    149.30      8.223
    149.40      8.257
    149.50      8.118
    149.60      8.151
    149.70      8.269
    149.80      8.264
    149.90      8.291
    150.00      8.334
    150.10      8.463
    150.20      8.449
    150.30      8.430
    150.40      8.558
    150.50      8.624
    150.60      8.596
    150.70      8.720
    150.80      8.690
    150.90      8.838
    151.00      8.738
    151.10      8.587
    151.20      8.730
    151.30      8.900
    151.40      9.002
    151.50      8.950
    151.60      9.029
    151.70      9.141
    151.80      9.128
    151.90      9.271
    152.00      9.437
    152.10      9.281
    152.20      9.251
    152.30      9.125
    152.40      9.148
    152.50      9.205
    152.60      8.985
    152.70      8.960
    152.80      9.077
    152.90      9.025
    153.00      9.110
    153.10      9.182
    153.20      9.022
    153.30      8.946
    153.40      9.032
    153.50      9.284
    153.60      9.151
    153.70      9.041
    153.80      8.958
    153.90      8.758
    154.00      8.703
    154.10      8.666
    154.20      8.589
    154.30      8.537
    154.40      8.495
    154.50      8.466
    154.60      8.477
    154.70      8.514
    154.80      8.457
    154.90      8.305
    155.00      8.248
    155.10      8.335
    155.20      8.499
    155.30      8.332
    155.40      8.406
    155.50      8.452
    155.60      8.409
    155.70      8.215
    155.80      8.121
    155.90      8.049
    156.00      8.056
    156.10      8.068
    156.20      8.085
    156.30      8.090
    156.40      7.920
    156.50      7.841
    156.60      7.850
    156.70      7.969
    156.80      7.737
    156.90      7.673
    157.00      7.676
    157.10      7.778
    157.20      7.559
    157.30      7.573
    157.40      7.578
    157.50      7.489
    157.60      7.688
    157.70      7.559
    157.80      7.451
    157.90      7.411
    158.00      7.550
    158.10      7.647
    158.20      7.672
    158.30      7.655
    158.40      7.656
    158.50      7.701
    158.60      7.669
    158.70      7.555
    158.80      7.532
    158.90      7.623
    159.00      7.624
    159.10      7.523
    159.20      7.389
    159.30      7.133
    159.40      7.253
    159.50      7.327
    159.60      7.292
    159.70      7.331
    159.80      7.284
    159.90      7.269
    160.00      7.258
    160.10      7.303
    160.20      7.490
    160.30      7.362
    160.40      7.378
    160.50      7.626
    160.60      7.412
    160.70      7.446
    160.80      7.510
    160.90      7.507
    161.00      7.404
    161.10      7.587
    161.20      7.473
    161.30      7.619
    161.40      7.621
    161.50      7.615
    161.60      7.676
    161.70      7.646
    161.80      7.619
    161.90      7.500
    162.00      7.503
    162.10      7.594
    162.20      7.699
    162.30      7.779
    162.40      7.916
    162.50      8.049
    162.60      8.134
    162.70      7.961
    162.80      7.975
    162.90      8.060
    163.00      8.072
    163.10      8.198
    163.20      8.139
    163.30      8.092
    163.40      8.053
    163.50      8.072
    163.60      8.048
    163.70      8.055
    163.80      8.105
    163.90      8.016
    164.00      8.047
    164.10      8.233
    164.20      8.321
    164.30      8.234
    164.40      8.475
    164.50      8.416
    164.60      8.248
    164.70      8.168
    164.80      8.076
    164.90      8.079
    165.00      8.153
    165.10      8.374
    165.20      8.341
    165.30      8.193
    165.40      8.148
    165.50      8.217
    165.60      8.215
    165.70      8.101
    165.80      8.067
    165.90      8.180
    166.00      8.289
    166.10      8.410
    166.20      8.532
    166.30      8.543
    166.40      8.530
    166.50      8.317
    166.60      8.292
    166.70      8.157
    166.80      8.308
    166.90      8.190
    167.00      8.098
    167.10      8.256
    167.20      8.354
    167.30      8.381
    167.40      8.358
    167.50      8.449
    167.60      8.536
    167.70      8.511
    167.80      8.443
    167.90      8.366
    168.00      8.393
    168.10      8.383
    168.20      8.168
    168.30      8.133
    168.40      8.242
    168.50      8.351
    168.60      8.199
    168.70      8.206
    168.80      8.056
    168.90      8.064
    169.00      7.972
    169.10      8.070
    169.20      8.055
    169.30      8.110
    169.40      8.227
    169.50      8.197
    169.60      8.224
    169.70      8.229
    169.80      8.144
    169.90      8.225
    170.00      8.296
    170.10      8.302
    170.20      8.546
    170.30      8.529
    170.40      8.665
    170.50      8.754
    170.60      8.819
    170.70      8.726
    170.80      8.744
    170.90      8.733
    171.00      8.583
    171.10      8.616
    171.20      8.542
    171.30      8.491
    171.40      8.637
    171.50      8.715
    171.60      8.747
    171.70      8.863
    171.80      8.995
    171.90      8.991
    172.00      8.993
    172.10      8.922
    172.20      8.934
    172.30      9.057
    172.40      9.072
    172.50      9.165
    172.60      9.104
    172.70      8.798
    172.80      8.909
    172.90      8.780
    173.00      8.753
    173.10      8.626
    173.20      8.556
    173.30      8.687
    173.40      8.602
    173.50      8.593
    173.60      8.529
    173.70      8.748
    173.80      8.639
    173.90      8.614
    174.00      8.637
    174.10      8.542
    174.20      8.516
    174.30      8.287
    174.40      8.288
    174.50      8.287
    174.60      8.268
    174.70      8.403
    174.80      8.555
    174.90      8.616
    175.00      8.638
    175.10      8.753
    175.20      8.647
    175.30      8.836
    175.40      8.900
    175.50      9.009
    175.60      9.283
    175.70      9.230
    175.80      9.270
    175.90      9.496
    176.00      9.284
    176.10      9.291
    176.20      9.085
    176.30      9.050
    176.40      8.849
    176.50      8.881
    176.60      8.712
    176.70      8.671
    176.80      8.900
    176.90      8.763
    177.00      8.766
    177.10      8.573
    177.20      8.418
    177.30      8.179
    177.40      8.358
    177.50      8.376
    177.60      8.384
    177.70      8.357
    177.80      8.475
    177.90      8.288
    178.00      8.167
    178.10      8.305
    178.20      8.157
    178.30      8.129
    178.40      8.168
    178.50      8.320
    178.60      8.217
    178.70      8.271
    178.80      8.311
    178.90      8.290
    179.00      8.170
    179.10      7.999
    179.20      8.127
    179.30      8.182
    179.40      8.076
    179.50      8.008
    179.60      8.137
    179.70      8.160
    179.80      8.071
    179.90      8.159
    180.00      8.081
    180.10      8.139
    180.20      7.980
    180.30      7.956
    180.40      7.866
    180.50      7.952
    180.60      7.842
    180.70      7.861
    180.80      7.904
    180.90      7.857
    181.00      7.829
    181.10      7.789
    181.20      7.784
    181.30      7.758
    181.40      7.738
    181.50      7.670
    181.60      7.603
    181.70      7.689
    181.80      7.558
    181.90      7.634
    182.00      7.595
    182.10      7.577
    182.20      7.544
    182.30      7.664
    182.40      7.644
    182.50      7.407
    182.60      7.382
    182.70      7.336
    182.80      7.127
    182.90      7.128
    183.00      7.023
    183.10      7.179
    183.20      7.123
    183.30      7.166
    183.40      7.049
    183.50      7.088
    183.60      7.130
    183.70      7.104
    183.80      6.924
    183.90      6.746
    184.00      6.776
    184.10      6.695
    184.20      6.693
    184.30      6.639
    184.40      6.615
    184.50      6.598
    184.60      6.711
    184.70      6.777
    184.80      6.968
    184.90      6.990
    185.00      6.877
    185.10      6.910
    185.20      6.938
    185.30      6.779
    185.40      6.633
    185.50      6.501
    185.60      6.384
    185.70      6.539
    185.80      6.648
    185.90      6.682
    186.00      6.625
    186.10      6.708
    186.20      6.587
    186.30      6.624
    186.40      6.591
    186.50      6.825
    186.60      6.855
    186.70      6.750
    186.80      6.594
    186.90      6.372
    187.00      6.456
    187.10      6.472
    187.20      6.473
    187.30      6.615
    187.40      6.448
    187.50      6.226
    187.60      6.030
    187.70      5.887
    187.80      5.862
    187.90      5.758
    188.00      5.671
    188.10      5.654
    188.20      5.549
    188.30      5.763
    188.40      5.820
    188.50      5.810
    188.60      5.780
    188.70      5.773
    188.80      5.604
    188.90      5.416
    189.00      5.259
    189.10      5.412
    189.20      5.372
    189.30      5.297
    189.40      5.339
    189.50      5.399
    189.60      5.384
    189.70      5.422
    189.80      5.247
    189.90      4.966
    190.00      4.795
    190.10      4.651
    190.20      4.659
    190.30      4.653
    190.40      4.727
    190.50      4.670
    190.60      4.676
    190.70      4.699
    190.80      4.577
    190.90      4.544
    191.00      4.464
    191.10      4.239
    191.20      4.120
    191.30      3.906
    191.40      3.822
    191.50      3.876
    191.60      3.846
    191.70      3.927
    191.80      3.842
    191.90      3.640
    192.00      3.671
    192.10      3.582
    192.20      3.545
    192.30      3.543
    192.40      3.472
    192.50      3.443
    192.60      3.318
    192.70      3.411
    192.80      3.238
    192.90      3.366
    193.00      3.199
    193.10      3.203
    193.20      3.004
    193.30      3.077
    193.40      2.901
    193.50      2.821
    193.60      2.773
    193.70      2.879
    193.80      2.975
    193.90      3.032
    194.00      3.223
    194.10      3.027
    194.20      2.983
    194.30      2.917
    194.40      2.944
    194.50      2.795
    194.60      2.880
    194.70      2.878
    194.80      2.753
    194.90      2.727
    195.00      2.562
    195.10      2.551
    195.20      2.743
    195.30      2.938
    195.40      2.972
    195.50      3.343
    195.60      3.421
    195.70      3.543
    195.80      3.510
    195.90      3.512
    196.00      3.507
    196.10      3.744
    196.20      3.766
    196.30      3.773
    196.40      3.852
    196.50      4.012
    196.60      4.135
    196.70      4.334
    196.80      4.354
    196.90      4.474
    197.00      4.627
    197.10      4.809
    197.20      4.891
    197.30      4.944
    197.40      4.854
    197.50      4.855
    197.60      4.871
    197.70      4.992
    197.80      5.059
    197.90      4.903
    198.00      5.076
    198.10      5.045
    198.20      5.047
    198.30      5.116
    198.40      5.181
    198.50      5.283
    198.60      5.318
    198.70      5.456
    198.80      5.608
    198.90      5.520
    199.00      5.579
    199.10      5.800
    199.20      5.926
    199.30      6.074
    199.40      5.940
    199.50      5.989
    199.60      5.913
    199.70      5.860
    199.80      5.810
    199.90      5.745
    200.00      5.650
    200.10      5.593
    200.20      5.604
    200.30      5.630
    200.40      5.484
    200.50      5.427
    200.60      5.665
    200.70      5.850
    200.80      5.876
    200.90      6.077
    201.00      6.101
    201.10      6.151
    201.20      6.195
    201.30      6.219
    201.40      6.398
    201.50      6.252
    201.60      6.266
    201.70      6.115
    201.80      6.263
    201.90      6.346
    202.00      6.153
    202.10      6.327
    202.20      6.390
    202.30      6.578
    202.40      6.565
    202.50      6.680
    202.60      6.746
    202.70      6.782
    202.80      6.682
    202.90      6.512
    203.00      6.635
    203.10      6.727
    203.20      6.865
    203.30      6.791
    203.40      6.984
    203.50      6.921
    203.60      6.858
    203.70      6.835
    203.80      7.023
    203.90      7.022
    204.00      7.256
    204.10      7.242
    204.20      7.204
    204.30      7.103
    204.40      7.119
    204.50      7.106
    204.60      7.197
    204.70      7.032
    204.80      7.209
    204.90      7.372
    205.00      7.281
    205.10      7.213
    205.20      7.494
    205.30      7.490
    205.40      7.577
    205.50      7.416
    205.60      7.372
    205.70      7.392
    205.80      7.527
    205.90      7.516
    206.00      7.525
    206.10      7.557
    206.20      7.581
    206.30      7.452
    206.40      7.395
    206.50      7.564
    206.60      7.468
    206.70      7.319
    206.80      7.166
    206.90      7.120
    207.00      7.024
    207.10      7.026
    207.20      6.989
    207.30      7.061
    207.40      7.232
    207.50      7.187
    207.60      7.165
    207.70      7.201
    207.80      7.030
    207.90      6.973
    208.00      6.974
    208.10      6.782
    208.20      6.820
    208.30      6.738
    208.40      6.543
    208.50      6.598
    208.60      6.548
    208.70      6.750
    208.80      6.763
    208.90      6.848
    209.00      6.675
    209.10      6.891
    209.20      6.985
    209.30      7.247
    209.40      7.409
    209.50      7.262
    209.60      7.157
    209.70      6.940
    209.80      6.900
    209.90      6.929
    210.00      7.053
    210.10      7.136
    210.20      7.077
    210.30      7.157
    210.40      7.195
    210.50      7.041
    210.60      7.283
    210.70      7.153
    210.80      7.274
    210.90      7.168
    211.00      7.041
    211.10      7.037
    211.20      7.131
    211.30      7.113
    211.40      7.124
    211.50      7.194
    211.60      7.426
    211.70      7.389
    211.80      7.290
    211.90      7.345
    212.00      7.398
    212.10      7.385
    212.20      7.285
    212.30      7.406
    212.40      7.467
    212.50      7.416
    212.60      7.362
    212.70      7.477
    212.80      7.569
    212.90      7.573
    213.00      7.805
    213.10      7.942
    213.20      8.040
    213.30      8.088
    213.40      8.157
    213.50      8.164
    213.60      8.263
    213.70      8.300
    213.80      8.345
    213.90      8.523
    214.00      8.622
    214.10      8.631
    214.20      8.590
    214.30      8.521
    214.40      8.774
    214.50      8.943
    214.60      9.126
    214.70      9.204
    214.80      9.267
    214.90      9.233
    215.00      9.391
    215.10      9.272
    215.20      9.321
    215.30      9.303
    215.40      9.110
    215.50      9.388
    215.60      9.425
    215.70      9.380
    215.80      9.559
    215.90      9.774
    216.00      9.730
    216.10      9.877
    216.20      9.909
    216.30      9.833
    216.40      9.764
    216.50      9.795
    216.60      9.863
    216.70      9.939
    216.80     10.045
    216.90     10.177
    217.00     10.026
    217.10     10.020
    217.20     10.080
    217.30     10.025
    217.40     10.135
    217.50     10.356
    217.60     10.373
    217.70     10.613
    217.80     10.541
    217.90     10.430
    218.00     10.609
    218.10     10.551
    218.20     10.664
    218.30     10.721
    218.40     10.752
    218.50     10.767
    218.60     10.741
    218.70     10.838
    218.80     10.654
    218.90     10.621
    219.00     10.540
    219.10     10.574
    219.20     10.431
    219.30     10.495
    219.40     10.410
    219.50     10.399
    219.60     10.266
    219.70     10.222
    219.80     10.036
    219.90     10.076
    220.00     10.022
    220.10     10.039
    220.20     10.031
    220.30     10.057
    220.40     10.081
    220.50     10.083
    220.60     10.198
    220.70     10.135
    220.80     10.144
    220.90     10.083
    221.00     10.020
    221.10      9.870
    221.20      9.916
    221.30     10.045
    221.40      9.811
    221.50      9.761
    221.60      9.748
    221.70      9.608
    221.80      9.429
    221.90      9.329
    222.00      9.419
    222.10      9.353
    222.20      9.224
    222.30      9.214
    222.40      8.971
    222.50      8.858
    222.60      8.925
    222.70      8.792
    222.80      8.885
    222.90      8.792
    223.00      8.726
    223.10      8.755
    223.20      8.780
    223.30      8.809
    223.40      8.780
    223.50      8.895
    223.60      8.742
    223.70      8.681
    223.80      8.652
    223.90      8.787
    224.00      8.779
    224.10      8.714
    224.20      8.689
    224.30      8.806
    224.40      8.865
    224.50      8.891
    224.60      8.931
    224.70      9.216
    224.80      9.124
    224.90      9.159
    225.00      9.368
    225.10      9.276
    225.20      9.378
    225.30      9.242
    225.40      9.203
    225.50      9.305
    225.60      9.469
    225.70      9.517
    225.80      9.576
    225.90      9.542
    226.00      9.402
    226.10      9.122
    226.20      8.984
    226.30      8.836
    226.40      8.796
    226.50      8.804
    226.60      8.942
    226.70      9.180
    226.80      9.205
    226.90      9.332
    227.00      9.495
    227.10      9.449
    227.20      9.655
    227.30      9.597
    227.40      9.711
    227.50      9.714
    227.60      9.553
    227.70      9.636
    227.80      9.530
    227.90      9.625
    228.00      9.940
    228.10      9.960
    228.20     10.070
    228.30     10.100
    228.40     10.059
    228.50     10.125
    228.60     10.192
    228.70     10.018
    228.80     10.102
    228.90     10.020
    229.00      9.894
    229.10     10.051
    229.20     10.047
    229.30      9.928
    229.40      9.960
    229.50      9.778
    229.60      9.865
    229.70      9.720
    229.80      9.705
    229.90      9.781
    230.00      9.777
    230.10      9.782
    230.20      9.801
    230.30      9.564
    230.40      9.592
    230.50      9.834
    230.60      9.901
    230.70      9.940
    230.80     10.102
    230.90     10.233
    231.00     10.221
    231.10     10.217
    231.20     10.250
    231.30     10.226
    231.40     10.328
    231.50     10.348
    231.60     10.256
    231.70     10.183
    231.80     10.204
    231.90     10.213
    232.00     10.499
    232.10     10.536
    232.20     10.535
    232.30     10.475
    232.40     10.502
    232.50     10.700
    232.60     10.806
    232.70     11.004
    232.80     11.032
    232.90     10.963
    233.00     10.964
    233.10     10.941
    233.20     11.028
    233.30     11.246
    233.40     11.073
    233.50     11.049
    233.60     11.159
    233.70     11.335
    233.80     11.583
    233.90      0.000
    234.00      0.242
    234.10      0.511
    234.20      0.486
    234.30      0.495
    234.40      0.511
    234.50      0.507
    234.60      0.692
    234.70      0.865
    234.80      0.764
    234.90      0.715
    235.00      0.616
    235.10      0.635
    235.20      0.941
    235.30      1.102
    235.40      1.245
    235.50      1.481
    235.60      1.704
    235.70      1.898
    235.80      1.973
    235.90      2.029
    236.00      2.168
    236.10      2.275
    236.20      2.401
    236.30      2.476
    236.40      2.583
    236.50      2.686
    236.60      2.788
    236.70      3.075
    236.80      3.176
    236.90      3.294
    237.00      3.373
    237.10      3.352
    237.20      3.450
    237.30      3.416
    237.40      3.477
    237.50      3.596
    237.60      3.693
    237.70      3.657
    237.80      3.683
    237.90      3.524
    238.00      3.482
    238.10      3.639
    238.20      3.969
    238.30      4.251
    238.40      4.220
    238.50      4.245
    238.60      4.577
    238.70      4.640
    238.80      4.641
    238.90      4.624
    239.00      4.907
    239.10      5.013
    239.20      5.090
    239.30      5.139
    239.40      5.188
    239.50      5.150
    239.60      5.392
    239.70      5.587
    239.80      5.656
    239.90      5.731
    240.00      5.862
    240.10      5.869
    240.20      5.981
    240.30      6.123
    240.40      6.247
    240.50      6.310
    240.60      6.447
    240.70      6.794
    240.80      6.974
    240.90      7.101
    241.00      7.235
    241.10      7.342
    241.20      7.464
    241.30      7.795
    241.40      7.977
    241.50      8.050
    241.60      8.169
    241.70      8.246
    241.80      8.391
    241.90      8.567
    242.00      8.518
    242.10      8.548
    242.20      8.676
    242.30      8.772
    242.40      8.915
    242.50      8.931
    242.60      8.969
    242.70      9.114
    242.80      9.044
    242.90      8.974
    243.00      9.073
    243.10      9.201
    243.20      9.194
    243.30      8.930
    243.40      8.910
    243.50      8.933
    243.60      8.728
    243.70      9.002
    243.80      9.071
    243.90      9.199
    244.00      9.343
    244.10      9.480
    244.20      9.538
    244.30      9.373
    244.40      9.283
    244.50      9.182
    244.60      9.354
    244.70      9.432
    244.80      9.586
    244.90      9.760
    245.00      9.737
    245.10      9.648
    245.20      9.738
    245.30      9.810
    245.40      9.834
    245.50      9.806
    245.60      9.832
    245.70      9.746
    245.80      9.793
    245.90      9.792
    246.00      9.780
    246.10      9.845
    246.20      9.749
    246.30      9.664
    246.40      9.731
    246.50      9.828
    246.60      9.912
    246.70     10.021
    246.80     10.024
    246.90      9.965
    247.00     10.036
    247.10     10.304
    247.20     10.287
    247.30     10.155
