      0.00      0.177
      0.10      0.167
      0.20      0.189
      0.30      0.307
      0.40      0.067
      0.50      0.024
      0.60      0.130
      0.70      0.318
      0.80      0.482
      0.90      0.380
      1.00      0.528
      1.10      0.523
      1.20      0.618
      1.30      0.662
      1.40      0.561
      1.50      0.816
      1.60      1.001
      1.70      1.081
      1.80      1.228
      1.90      1.412
      2.00      1.412
      2.10      1.587
      2.20      1.459
      2.30      1.474
      2.40      1.665
      2.50      1.711
      2.60      1.783
      2.70      1.839
      2.80      1.763
      2.90      1.976
      3.00      1.992
      3.10      2.113
      3.20      2.186
      3.30      2.002
      3.40      1.937
      3.50      2.104
      3.60      2.262
      3.70      2.485
      3.80      2.768
      3.90      2.758
      4.00      3.038
      4.10      3.096
      4.20      3.145
      4.30      3.009
      4.40      2.992
      4.50      3.008
      4.60      2.922
      4.70      2.890
      4.80      2.801
      4.90      2.889
      5.00      2.892
      5.10      3.119
      5.20      3.275
      5.30      3.476
      5.40      3.594
      5.50      3.437
      5.60      3.492
      5.70      3.665
      5.80      3.698
      5.90      3.792
      6.00      3.624
      6.10      3.615
      6.20      3.747
      6.30      3.731
      6.40      3.753
      6.50      3.580
      6.60      3.705
      6.70      3.762
      6.80      3.899
      6.90      4.088
      7.00      4.035
      7.10      4.250
      7.20      4.409
      7.30      4.447
      7.40      4.417
      7.50      4.636
      7.60      4.679
      7.70      4.735
      7.80      4.668
      7.90      4.729
      8.00      4.833
      8.10      4.898
      8.20      5.035
      8.30      5.044
      8.40      4.987
      8.50      5.144
      8.60      5.207
      8.70      5.429
      8.80      5.405
      8.90      5.492
      9.00      5.689
      9.10      5.480
      9.20      5.675
      9.30      5.746
      9.40      6.072
      9.50      6.252
      9.60      6.225
      9.70      6.255
      9.80      5.987
      9.90      6.053
     10.00      6.003
     10.10      6.127
     10.20      6.098
     10.30      6.082
     10.40      5.941
     10.50      6.098
     10.60      6.209
     10.70      6.279
     10.80      6.437
     10.90      6.380
     11.00      6.186
     11.10      6.147
     11.20      6.228
     11.30      6.254
     11.40      6.324
     11.50      6.587
     11.60      6.571
     11.70      6.523
     11.80      6.633
     11.90      6.632
     12.00      6.772
     12.10      6.841
     12.20      6.974
     12.30      7.121
     12.40      7.121
     12.50      7.262
     12.60      7.439
     12.70      7.409
     12.80      7.277
     12.90      7.290
     13.00      7.364
     13.10      7.452
     13.20      7.563
     13.30      7.304
     13.40      7.352
     13.50      7.282
     13.60      7.463
     13.70      7.497
     13.80      7.684
     13.90      7.727
     14.00      7.760
     14.10      7.700
     14.20      7.530
     14.30      7.510
     14.40      7.393
     14.50      7.476
     14.60      7.412
     14.70      7.501
     14.80      7.456
     14.90      7.319
     15.00      7.363
     15.10      7.440
     15.20      7.479
     15.30      7.306
     15.40      7.507
     15.50      7.596
     15.60      7.583
     15.70      7.409
     15.80      7.422
     15.90      7.593
     16.00      7.706
     16.10      7.804
     16.20      7.801
     16.30      7.841
     16.40      7.806
     16.50      7.674
     16.60      7.751
     16.70      7.603
     16.80      7.616
     16.90      7.751
     17.00      7.766
     17.10      7.855
     17.20      7.837
     17.30      8.120
     17.40      7.929
     17.50      8.042
     17.60      8.164
     17.70      8.122
     17.80      8.266
     17.90      8.412
     18.00      8.337
     18.10      8.422
     18.20      8.429
     18.30      8.569
     18.40      8.645
     18.50      8.591
     18.60      8.492
     18.70      8.419
     18.80      8.331
     18.90      8.395
     19.00      8.442
     19.10      8.458
     19.20      8.492
     19.30      8.597
     19.40      8.666
     19.50      8.546
     19.60      8.715
     19.70      8.781
     19.80      8.824
     19.90      8.949
     20.00      9.146
     20.10      9.350
     20.20      9.461
     20.30      9.339
     20.40      9.478
     20.50      9.465
     20.60      9.541
     20.70      9.577
     20.80      9.632
     20.90      9.580
     21.00      9.551
     21.10      9.348
     21.20      9.152
     21.30      9.224
     21.40      9.161
     21.50      9.239
     21.60      9.086
     21.70      9.206
     21.80      9.105
     21.90      9.070
     22.00      9.078
     22.10      9.208
     22.20      9.269
     22.30      9.327
     22.40      9.297
     22.50      9.156
     22.60      9.279
     22.70      9.187
     22.80      9.090
     22.90      9.073
     23.00      9.080
     23.10      9.029
     23.20      9.039
     23.30      8.967
     23.40      8.738
     23.50      8.845
     23.60      8.870
     23.70      8.861
     23.80      9.233
     23.90      9.321
     24.00      9.366
     24.10      9.359
     24.20      9.382
     24.30      9.254
     24.40      9.181
     24.50      9.165
     24.60      9.365
     24.70      9.270
     24.80      9.313
     24.90      9.161
     25.00      9.041
     25.10      8.887
     25.20      8.972
     25.30      8.878
     25.40      9.140
     25.50      9.206
     25.60      9.068
     25.70      9.162
     25.80      9.191
     25.90      9.397
     26.00      9.503
     26.10      9.456
     26.20      9.350
     26.30      9.122
     26.40      9.039
     26.50      9.022
     26.60      8.934
     26.70      9.014
     26.80      9.109
     26.90      9.096
     27.00      9.168
     27.10      9.281
     27.20      9.391
     27.30      9.453
     27.40      9.158
     27.50      9.061
     27.60      9.155
     27.70      8.969
     27.80      9.009
     27.90      8.957
     28.00      8.877
     28.10      9.011
     28.20      8.978
     28.30      8.956
     28.40      9.043
     28.50      9.156
     28.60      9.136
     28.70      9.066
     28.80      8.950
     28.90      9.041
     29.00      9.044
     29.10      9.071
     29.20      9.132
     29.30      8.971
     29.40      9.064
     29.50      9.027
     29.60      9.108
     29.70      9.180
     29.80      9.085
     29.90      9.313
     30.00      9.379
     30.10      9.080
     30.20      9.207
     30.30      9.057
     30.40      9.110
     30.50      8.931
     30.60      8.979
     30.70      9.123
     30.80      9.154
     30.90      9.160
     31.00      9.098
     31.10      9.158
     31.20      9.207
     31.30      9.139
     31.40      9.067
     31.50      9.177
     31.60      9.320
     31.70      9.425
     31.80      9.411
     31.90      9.583
     32.00      9.491
     32.10      9.326
     32.20      9.363
     32.30      9.417
     32.40      9.485
     32.50      9.543
     32.60      9.753
     32.70      9.868
     32.80      9.787
     32.90      9.980
     33.00      9.719
     33.10      9.571
     33.20      9.668
     33.30      9.630
     33.40      9.691
     33.50      9.889
     33.60     10.085
     33.70     10.092
     33.80     10.315
     33.90     10.389
     34.00     10.373
     34.10     10.339
     34.20     10.226
     34.30     10.264
     34.40     10.165
     34.50     10.073
     34.60      9.877
     34.70      9.897
     34.80      9.937
     34.90      9.863
     35.00      9.759
     35.10      9.616
     35.20      9.625
     35.30      9.548
     35.40      9.595
     35.50      9.727
     35.60      9.641
     35.70      9.497
     35.80      9.344
     35.90      9.244
     36.00      9.279
     36.10      9.361
     36.20      9.339
     36.30      9.375
     36.40      9.229
     36.50      9.426
     36.60      9.212
     36.70      9.124
     36.80      9.158
     36.90      9.140
     37.00      9.083
     37.10      9.065
     37.20      9.040
     37.30      8.928
     37.40      8.905
     37.50      8.868
     37.60      8.913
     37.70      8.896
     37.80      8.759
     37.90      8.954
     38.00      8.825
     38.10      8.918
     38.20      8.854
     38.30      8.808
     38.40      8.960
     38.50      8.946
     38.60      8.819
     38.70      8.779
     38.80      8.569
     38.90      8.448
     39.00      8.360
     39.10      8.632
     39.20      8.397
     39.30      8.114
     39.40      7.878
     39.50      7.783
     39.60      7.807
     39.70      7.749
     39.80      7.816
     39.90      8.104
     40.00      7.971
     40.10      7.992
     40.20      7.951
     40.30      7.990
     40.40      8.004
     40.50      8.044
     40.60      7.988
     40.70      8.035
     40.80      8.005
     40.90      7.961
     41.00      7.696
     41.10      7.628
     41.20      7.624
     41.30      7.725
     41.40      7.741
     41.50      7.802
     41.60      7.753
     41.70      7.921
     41.80      7.900
     41.90      7.895
     42.00      7.759
     42.10      7.564
     42.20      7.461
     42.30      7.364
     42.40      7.288
     42.50      7.263
     42.60      7.259
     42.70      7.218
     42.80      6.796
     42.90      6.673
     43.00      6.697
     43.10      6.558
     43.20      6.544
     43.30      6.420
     43.40      6.414
     43.50      6.338
     43.60      6.202
     43.70      6.362
     43.80      6.352
     43.90      6.372
     44.00      6.327
     44.10      6.396
     44.20      6.535
     44.30      6.537
     44.40      6.568
     44.50      6.577
     44.60      6.547
     44.70      6.653
     44.80      6.733
     44.90      6.688
     45.00      6.644
     45.10      6.727
     45.20      6.747
     45.30      6.965
     45.40      6.985
     45.50      7.011
     45.60      6.834
     45.70      6.984
     45.80      6.883
     45.90      6.891
     46.00      7.047
     46.10      7.196
     46.20      7.130
     46.30      7.156
     46.40      7.225
     46.50      7.035
     46.60      7.117
     46.70      7.012
     46.80      7.173
     46.90      7.095
     47.00      7.209
     47.10      7.161
     47.20      7.262
     47.30      7.359
     47.40      7.263
     47.50      7.198
     47.60      7.427
     47.70      7.459
     47.80      7.486
     47.90      7.130
     48.00      7.283
     48.10      7.098
     48.20      7.204
     48.30      7.176
     48.40      7.311
     48.50      7.356
     48.60      7.258
     48.70      7.067
     48.80      6.889
     48.90      6.758
     49.00      6.897
     49.10      6.928
     49.20      6.790
     49.30      6.814
     49.40      6.800
     49.50      6.730
     49.60      6.805
     49.70      6.773
     49.80      6.885
     49.90      6.846
     50.00      6.718
     50.10      6.654
     50.20      6.592
     50.30      6.615
     50.40      6.579
     50.50      6.701
     50.60      6.742
     50.70      6.586
     50.80      6.604
     50.90      6.604
     51.00      6.542
     51.10      6.452
     51.20      6.510
     51.30      6.359
     51.40      6.409
     51.50      6.387
     51.60      6.298
     51.70      6.231
     51.80      5.942
     51.90      5.913
     52.00      6.133
     52.10      6.120
     52.20      6.224
     52.30      6.018
     52.40      6.137
     52.50      6.101
     52.60      5.854
     52.70      5.703
     52.80      5.610
     52.90      5.511
     53.00      5.507
     53.10      5.371
     53.20      5.320
     53.30      5.378
     53.40      5.461
     53.50      5.345
     53.60      5.174
     53.70      5.315
     53.80      5.285
     53.90      5.346
     54.00      5.398
     54.10      5.395
     54.20      5.400
     54.30      5.392
     54.40      5.368
     54.50      5.334
     54.60      5.206
     54.70      5.085
     54.80      5.013
     54.90      4.786
     55.00      4.670
     55.10      4.818
     55.20      4.787
     55.30      4.737
     55.40      4.447
     55.50      4.369
     55.60      4.246
     55.70      4.175
     55.80      4.070
     55.90      4.160
     56.00      4.171
     56.10      4.075
     56.20      4.079
     56.30      3.884
     56.40      3.760
     56.50      3.774
     56.60      3.576
     56.70      3.630
     56.80      3.525
     56.90      3.531
     57.00      3.595
     57.10      3.366
     57.20      3.436
     57.30      3.547
     57.40      3.490
     57.50      3.334
     57.60      3.417
     57.70      3.335
     57.80      3.286
     57.90      3.326
     58.00      3.273
     58.10      3.281
     58.20      2.990
     58.30      2.754
     58.40      2.648
     58.50      2.743
     58.60      2.821
     58.70      2.915
     58.80      3.043
     58.90      2.945
     59.00      2.935
     59.10      3.011
     59.20      2.821
     59.30      2.708
     59.40      2.840
     59.50      2.807
     59.60      2.577
     59.70      2.601
     59.80      2.576
     59.90      2.590
     60.00      2.569
     60.10      2.508
     60.20      2.416
     60.30      2.362
     60.40      2.365
     60.50      2.185
     60.60      2.182
     60.70      2.145
     60.80      2.024
     60.90      1.906
     61.00      2.054
     61.10      2.152
     61.20      2.241
     61.30      2.407
     61.40      2.384
     61.50      2.373
     61.60      2.346
     61.70      2.311
     61.80      2.309
     61.90      2.214
     62.00      2.257
     62.10      2.216
     62.20      2.239
     62.30      2.390
     62.40      2.269
     62.50      2.316
     62.60      2.431
     62.70      2.485
     62.80      2.425
     62.90      2.508
     63.00      2.535
     63.10      2.633
     63.20      2.528
     63.30      2.500
     63.40      2.357
     63.50      2.536
     63.60      2.384
     63.70      2.445
     63.80      2.465
     63.90      2.777
     64.00      2.837
     64.10      3.080
     64.20      3.053
     64.30      3.017
     64.40      3.128
     64.50      3.259
     64.60      3.214
     64.70      3.183
     64.80      3.315
     64.90      3.472
     65.00      3.566
     65.10      3.556
     65.20      3.588
     65.30      3.698
     65.40      3.773
     65.50      3.708
     65.60      3.796
     65.70      3.957
     65.80      3.945
     65.90      4.017
     66.00      4.134
     66.10      3.864
     66.20      4.114
     66.30      4.296
     66.40      4.495
     66.50      4.560
     66.60      4.498
     66.70      4.610
     66.80      4.771
     66.90      4.974
     67.00      4.907
     67.10      5.027
     67.20      5.005
     67.30      4.898
     67.40      4.965
     67.50      5.109
     67.60      5.198
     67.70      5.082
     67.80      5.123
     67.90      5.165
     68.00      5.196
     68.10      5.262
     68.20      5.370
     68.30      5.599
     68.40      5.773
     68.50      5.934
     68.60      5.848
     68.70      5.935
     68.80      6.033
     68.90      6.003
     69.00      5.984
     69.10      6.104
     69.20      6.088
     69.30      5.969
     69.40      6.021
     69.50      5.904
     69.60      5.915
     69.70      5.844
     69.80      5.932
     69.90      5.941
     70.00      6.071
     70.10      6.151
     70.20      6.293
     70.30      6.282
     70.40      6.212
     70.50      6.417
     70.60      6.415
     70.70      6.704
     70.80      6.791
     70.90      6.942
     71.00      6.900
     71.10      6.989
     71.20      7.203
     71.30      7.352
     71.40      7.596
     71.50      7.621
     71.60      7.501
     71.70      7.605
     71.80      7.668
     71.90      7.604
     72.00      7.799
     72.10      7.828
     72.20      7.808
     72.30      7.804
     72.40      7.889
     72.50      7.993
     72.60      8.023
     72.70      8.062
     72.80      8.194
     72.90      8.320
     73.00      8.514
     73.10      8.369
     73.20      8.395
     73.30      8.276
     73.40      8.305
     73.50      8.328
     73.60      8.430
     73.70      8.487
     73.80      8.358
     73.90      8.376
     74.00      8.614
     74.10      8.738
     74.20      8.872
     74.30      8.748
     74.40      8.617
     74.50      8.739
     74.60      8.774
     74.70      8.845
     74.80      8.951
     74.90      9.113
     75.00      9.341
     75.10      9.504
     75.20      9.418
     75.30      9.571
     75.40      9.803
     75.50      9.899
     75.60      9.827
     75.70      9.763
     75.80      9.944
     75.90     10.237
     76.00     10.407
     76.10     10.557
     76.20     10.660
     76.30     10.718
     76.40     10.810
     76.50     11.153
     76.60     11.203
     76.70     11.521
     76.80     11.474
     76.90     11.512
     77.00     11.531
     77.10    100.000
     77.20      0.259
     77.30      0.341
     77.40      0.512
     77.50      0.620
     77.60      0.777
     77.70      0.834
     77.80      0.932
     77.90      0.879
     78.00      0.883
     78.10      0.976
     78.20      0.907
     78.30      0.713
     78.40      0.435
     78.50      0.418
     78.60      0.572
     78.70      0.450
     78.80      0.572
     78.90      0.711
     79.00      0.747
     79.10      0.844
     79.20      1.068
     79.30      1.247
     79.40      1.448
     79.50      1.477
     79.60      1.521
     79.70      1.666
     79.80      2.053
     79.90      2.051
     80.00      1.969
     80.10      2.232
     80.20      2.283
     80.30      2.467
     80.40      2.434
     80.50      2.434
     80.60      2.460
     80.70      2.363
     80.80      2.464
     80.90      2.435
     81.00      2.312
     81.10      2.514
     81.20      2.500
     81.30      2.481
     81.40      2.428
     81.50      2.649
     81.60      2.650
     81.70      2.546
     81.80      2.718
     81.90      2.887
     82.00      3.154
     82.10      3.177
     82.20      3.455
     82.30      3.429
     82.40      3.362
     82.50      3.511
     82.60      3.621
     82.70      3.708
     82.80      3.741
     82.90      3.742
     83.00      3.992
     83.10      3.969
     83.20      4.173
     83.30      4.131
     83.40      4.261
     83.50      4.299
     83.60      4.316
     83.70      4.579
     83.80      4.624
     83.90      4.701
     84.00      4.896
     84.10      4.870
     84.20      5.107
     84.30      5.143
     84.40      5.209
     84.50      5.110
     84.60      5.057
     84.70      5.021
     84.80      5.399
     84.90      5.473
     85.00      5.487
     85.10      5.461
     85.20      5.390
     85.30      5.408
     85.40      5.622
     85.50      5.671
     85.60      5.709
     85.70      5.712
     85.80      5.574
     85.90      5.441
     86.00      5.453
     86.10      5.603
     86.20      5.531
     86.30      5.682
     86.40      5.504
     86.50      5.428
     86.60      5.302
     86.70      5.324
     86.80      5.706
     86.90      6.110
     87.00      6.172
     87.10      6.055
     87.20      6.145
     87.30      6.290
     87.40      6.518
     87.50      6.477
     87.60      6.489
     87.70      6.507
     87.80      6.612
     87.90      6.436
     88.00      6.232
     88.10      6.249
     88.20      6.285
     88.30      6.088
     88.40      6.112
     88.50      6.126
     88.60      6.011
     88.70      6.060
     88.80      5.923
     88.90      5.869
     89.00      5.894
     89.10      5.770
     89.20      5.702
     89.30      5.648
     89.40      5.673
     89.50      5.761
     89.60      5.616
     89.70      5.765
     89.80      5.697
     89.90      5.844
     90.00      5.739
     90.10      5.611
     90.20      5.636
     90.30      5.566
     90.40      5.537
     90.50      5.543
     90.60      5.621
     90.70      5.743
     90.80      5.601
     90.90      5.669
     91.00      5.870
     91.10      6.018
     91.20      6.024
     91.30      6.018
     91.40      5.869
     91.50      5.781
     91.60      5.677
     91.70      5.673
     91.80      5.799
     91.90      5.699
     92.00      5.826
     92.10      5.717
     92.20      5.757
     92.30      5.743
     92.40      5.638
     92.50      5.690
     92.60      5.684
     92.70      5.668
     92.80      5.571
     92.90      5.748
     93.00      5.840
     93.10      5.781
     93.20      5.700
     93.30      5.854
     93.40      5.856
     93.50      5.822
     93.60      6.050
     93.70      5.992
     93.80      6.010
     93.90      6.035
     94.00      6.150
     94.10      6.172
     94.20      6.140
     94.30      6.295
     94.40      6.321
     94.50      6.364
     94.60      6.373
     94.70      6.428
     94.80      6.470
     94.90      6.512
     95.00      6.551
     95.10      6.550
     95.20      6.605
     95.30      6.504
     95.40      6.580
     95.50      6.687
     95.60      6.764
     95.70      6.867
     95.80      6.831
     95.90      6.880
     96.00      7.019
     96.10      7.079
     96.20      7.144
     96.30      7.140
     96.40      7.355
     96.50      7.405
     96.60      7.495
     96.70      7.682
     96.80      7.573
     96.90      7.570
     97.00      7.724
     97.10      7.807
     97.20      8.064
     97.30      8.129
     97.40      8.193
     97.50      8.085
     97.60      8.119
     97.70      8.036
     97.80      8.046
     97.90      8.057
     98.00      8.110
     98.10      8.080
     98.20      8.242
     98.30      8.419
     98.40      8.421
     98.50      8.425
     98.60      8.524
     98.70      8.454
     98.80      8.607
     98.90      8.469
     99.00      8.407
     99.10      8.501
     99.20      8.547
     99.30      8.629
     99.40      8.512
     99.50      8.567
     99.60      8.658
     99.70      8.686
     99.80      8.757
     99.90      8.761
    100.00      8.727
    100.10      8.732
    100.20      8.905
    100.30      8.935
    100.40      8.997
    100.50      9.055
    100.60      8.878
    100.70      8.995
    100.80      8.978
    100.90      9.024
    101.00      9.068
    101.10      9.340
    101.20      9.500
    101.30      9.580
    101.40      9.529
    101.50      9.630
    101.60      9.606
    101.70      9.562
    101.80      9.613
    101.90      9.747
    102.00      9.830
    102.10      9.918
    102.20     10.014
    102.30      9.947
    102.40      9.880
    102.50      9.972
    102.60      9.974
    102.70     10.167
    102.80     10.243
    102.90     10.170
    103.00     10.156
    103.10     10.119
    103.20     10.081
    103.30     10.142
    103.40      9.954
    103.50      9.893
    103.60      9.962
    103.70     10.049
    103.80      9.881
    103.90     10.042
    104.00     10.123
    104.10     10.107
    104.20     10.125
    104.30     10.273
    104.40     10.172
    104.50     10.138
    104.60     10.115
    104.70     10.183
    104.80     10.261
    104.90     10.117
    105.00     10.021
    105.10     10.130
    105.20     10.146
    105.30     10.115
    105.40     10.008
    105.50      9.918
    105.60      9.947
    105.70      9.846
    105.80      9.858
    105.90      9.684
    106.00      9.548
    106.10      9.369
    106.20      9.309
    106.30      9.558
    106.40      9.539
    106.50      9.424
    106.60      9.425
    106.70      9.471
    106.80      9.388
    106.90      9.356
    107.00      9.471
    107.10      9.442
    107.20      9.596
    107.30      9.519
    107.40      9.643
    107.50      9.686
    107.60      9.752
    107.70      9.823
    107.80      9.628
    107.90      9.822
    108.00      9.844
    108.10      9.836
    108.20      9.831
    108.30     10.021
    108.40     10.143
    108.50     10.038
    108.60     10.039
    108.70      9.999
    108.80     10.008
    108.90     10.148
    109.00     10.222
    109.10     10.271
    109.20     10.421
    109.30     10.552
    109.40     10.620
    109.50     10.768
    109.60     10.893
    109.70     10.857
    109.80     11.229
    109.90     11.162
    110.00     11.447
    110.10    100.000
    110.20      0.158
    110.30      0.385
    110.40      0.659
    110.50      0.804
    110.60      0.873
    110.70      0.692
    110.80      0.908
    110.90      1.110
    111.00      1.159
    111.10      1.181
    111.20      1.323
    111.30      1.517
    111.40      1.506
    111.50      1.539
    111.60      1.866
    111.70      2.083
    111.80      2.241
    111.90      2.282
    112.00      2.302
    112.10      2.406
    112.20      2.480
    112.30      2.513
    112.40      2.653
    112.50      2.746
    112.60      2.865
    112.70      2.700
    112.80      2.806
    112.90      3.107
    113.00      3.386
    113.10      3.480
    113.20      3.590
    113.30      3.690
    113.40      3.823
    113.50      3.841
    113.60      3.989
    113.70      3.954
    113.80      4.136
    113.90      4.323
    114.00      4.459
    114.10      4.503
    114.20      4.594
    114.30      4.523
    114.40      4.535
    114.50      4.782
    114.60      4.934
    114.70      5.080
    114.80      5.293
    114.90      5.379
    115.00      5.491
    115.10      5.735
    115.20      5.956
    115.30      5.995
    115.40      6.063
    115.50      6.078
    115.60      6.098
    115.70      6.144
    115.80      6.233
    115.90      6.220
    116.00      6.229
    116.10      6.471
    116.20      6.549
    116.30      6.732
    116.40      6.707
    116.50      6.783
    116.60      6.685
    116.70      6.919
    116.80      7.030
    116.90      7.136
    117.00      7.038
    117.10      7.110
    117.20      7.037
    117.30      6.900
    117.40      6.886
    117.50      7.130
    117.60      7.188
    117.70      7.057
    117.80      7.150
    117.90      7.280
    118.00      7.295
    118.10      7.486
    118.20      7.507
    118.30      7.743
    118.40      7.754
    118.50      7.907
    118.60      7.902
    118.70      8.097
    118.80      8.208
    118.90      8.135
    119.00      8.081
    119.10      8.028
    119.20      8.125
    119.30      7.986
    119.40      7.977
    119.50      8.067
    119.60      7.841
    119.70      7.768
    119.80      7.783
    119.90      8.011
    120.00      8.047
    120.10      8.258
    120.20      8.171
    120.30      8.218
    120.40      8.359
    120.50      8.581
    120.60      8.472
    120.70      8.433
    120.80      8.560
    120.90      8.420
    121.00      8.515
    121.10      8.716
    121.20      8.791
    121.30      8.613
    121.40      8.655
    121.50      8.785
    121.60      8.761
    121.70      8.748
    121.80      8.694
    121.90      8.663
    122.00      8.725
    122.10      8.512
    122.20      8.486
    122.30      8.547
    122.40      8.385
    122.50      8.546
    122.60      8.607
    122.70      8.633
    122.80      8.495
    122.90      8.452
    123.00      8.500
    123.10      8.599
    123.20      8.623
    123.30      8.606
    123.40      8.363
    123.50      8.358
    123.60      8.361
    123.70      8.489
    123.80      8.513
    123.90      8.503
    124.00      8.452
    124.10      8.248
    124.20      8.404
    124.30      8.320
    124.40      8.266
    124.50      8.126
    124.60      8.163
    124.70      8.158
    124.80      8.492
    124.90      8.439
    125.00      8.325
    125.10      8.348
    125.20      8.235
    125.30      8.377
    125.40      8.405
    125.50      8.566
    125.60      8.673
    125.70      8.835
    125.80      8.904
    125.90      8.853
    126.00      8.869
    126.10      9.053
    126.20      9.027
    126.30      8.897
    126.40      8.830
    126.50      8.966
    126.60      8.987
    126.70      9.126
    126.80      9.092
    126.90      9.001
    127.00      8.990
    127.10      9.069
    127.20      8.960
    127.30      9.149
    127.40      8.859
    127.50      8.719
    127.60      8.820
    127.70      8.742
    127.80      8.931
    127.90      8.753
    128.00      8.633
    128.10      8.501
    128.20      8.529
    128.30      8.668
    128.40      8.477
    128.50      8.469
    128.60      8.493
    128.70      8.408
    128.80      8.541
    128.90      8.725
    129.00      8.653
    129.10      8.713
    129.20      8.772
    129.30      8.715
    129.40      8.674
    129.50      8.567
    129.60      8.516
    129.70      8.304
    129.80      8.183
    129.90      8.027
    130.00      7.988
    130.10      7.829
    130.20      7.732
    130.30      7.917
    130.40      7.732
    130.50      7.733
    130.60      7.521
    130.70      7.553
    130.80      7.433
    130.90      7.196
    131.00      7.169
    131.10      7.012
    131.20      6.729
    131.30      6.645
    131.40      6.565
    131.50      6.410
    131.60      6.530
    131.70      6.582
    131.80      6.429
    131.90      6.500
    132.00      6.366
    132.10      6.052
    132.20      5.952
    132.30      5.935
    132.40      5.958
    132.50      5.776
    132.60      5.721
    132.70      5.668
    132.80      5.397
    132.90      5.459
    133.00      5.483
    133.10      5.337
    133.20      5.421
    133.30      5.277
    133.40      5.320
    133.50      5.101
    133.60      4.918
    133.70      4.632
    133.80      4.494
    133.90      4.311
    134.00      4.128
    134.10      4.089
    134.20      3.965
    134.30      3.831
    134.40      3.669
    134.50      3.854
    134.60      3.987
    134.70      3.929
    134.80      3.960
    134.90      4.026
    135.00      4.210
    135.10      3.994
    135.20      4.025
    135.30      4.026
    135.40      4.045
    135.50      4.016
    135.60      4.203
    135.70      4.130
    135.80      4.174
    135.90      4.291
    136.00      4.217
    136.10      4.129
    136.20      4.122
    136.30      4.121
    136.40      4.101
    136.50      3.847
    136.60      3.879
    136.70      3.872
    136.80      3.661
    136.90      3.660
    137.00      3.645
    137.10      3.509
    137.20      3.446
    137.30      3.347
    137.40      3.349
    137.50      3.213
    137.60      3.219
    137.70      3.155
    137.80      3.016
    137.90      3.311
    138.00      3.122
    138.10      2.944
    138.20      2.996
    138.30      3.074
    138.40      3.072
    138.50      3.009
    138.60      2.871
    138.70      2.680
    138.80      2.680
    138.90      2.657
    139.00      2.668
    139.10      2.992
    139.20      2.845
    139.30      2.908
    139.40      2.851
    139.50      2.859
    139.60      2.895
    139.70      2.818
    139.80      2.667
    139.90      2.772
    140.00      2.703
    140.10      2.797
    140.20      2.873
    140.30      2.928
    140.40      3.036
    140.50      2.933
    140.60      2.945
    140.70      2.850
    140.80      2.970
    140.90      3.046
    141.00      2.948
    141.10      2.750
    141.20      2.858
    141.30      2.840
    141.40      2.770
    141.50      2.798
    141.60      2.979
    141.70      2.969
    141.80      2.981
    141.90      2.838
    142.00      2.911
    142.10      2.881
    142.20      2.730
    142.30      2.797
    142.40      2.733
    142.50      2.736
    142.60      2.700
    142.70      2.841
    142.80      3.020
    142.90      2.996
    143.00      3.028
    143.10      3.188
    143.20      3.297
    143.30      3.360
    143.40      3.511
    143.50      3.708
    143.60      3.796
    143.70      3.797
    143.80      3.629
    143.90      3.909
    144.00      4.159
    144.10      4.333
    144.20      4.381
    144.30      4.478
    144.40      4.408
    144.50      4.548
    144.60      4.446
    144.70      4.716
    144.80      4.861
    144.90      5.170
    145.00      5.070
    145.10      5.051
    145.20      5.227
    145.30      5.336
    145.40      5.253
    145.50      5.244
    145.60      5.335
    145.70      5.349
    145.80      5.581
    145.90      5.481
    146.00      5.667
    146.10      5.871
    146.20      6.007
    146.30      6.088
    146.40      6.006
    146.50      6.114
    146.60      6.189
    146.70      6.267
    146.80      6.158
    146.90      6.275
    147.00      6.433
    147.10      6.491
    147.20      6.454
    147.30      6.689
    147.40      6.961
    147.50      6.920
    147.60      7.056
    147.70      7.143
    147.80      7.377
    147.90      7.547
    148.00      7.777
    148.10      7.744
    148.20      7.914
    148.30      7.800
    148.40      8.133
    148.50      8.384
    148.60      8.714
    148.70      8.699
    148.80      8.689
    148.90      8.652
    149.00      8.766
    149.10      8.951
    149.20      9.076
    149.30      9.041
    149.40      9.240
    149.50      9.234
    149.60      9.364
    149.70      9.338
    149.80      9.282
    149.90      9.373
    150.00      9.471
    150.10      9.389
    150.20      9.602
    150.30      9.674
    150.40      9.843
    150.50      9.774
    150.60      9.823
    150.70      9.763
    150.80      9.982
    150.90     10.110
    151.00     10.134
    151.10     10.148
    151.20     10.198
    151.30     10.170
    151.40     10.454
    151.50     10.581
    151.60     10.831
    151.70     10.770
    151.80     10.963
    151.90     11.088
    152.00     11.237
    152.10     11.382
    152.20     11.358
    152.30     11.339
    152.40     11.321
    152.50     11.383
    152.60     11.327
    152.70     11.294
    152.80     11.253
    152.90     11.287
    153.00     11.273
    153.10     11.257
    153.20     11.304
    153.30     11.464
    153.40     11.553
    153.50     11.364
    153.60     11.170
    153.70     10.886
    153.80     10.949
    153.90     11.109
    154.00     11.020
    154.10     11.109
    154.20     11.118
    154.30     11.184
    154.40     11.301
    154.50     11.385
    154.60     11.370
    154.70     11.257
    154.80     11.422
    154.90     11.323
    155.00     11.200
    155.10     11.234
    155.20     11.075
    155.30     11.012
    155.40     11.185
    155.50     11.035
    155.60     10.991
    155.70     10.985
    155.80     10.843
    155.90     10.909
    156.00     11.044
    156.10     10.948
    156.20     10.828
    156.30     10.765
    156.40     10.796
    156.50     10.743
    156.60     10.685
    156.70     10.590
    156.80     10.468
    156.90     10.407
    157.00     10.235
    157.10     10.377
    157.20     10.216
    157.30     10.174
    157.40     10.115
    157.50     10.035
    157.60      9.804
    157.70      9.662
    157.80      9.670
    157.90      9.609
    158.00      9.564
    158.10      9.646
    158.20      9.409
    158.30      9.638
    158.40      9.793
    158.50      9.696
    158.60      9.676
    158.70      9.712
    158.80      9.734
    158.90      9.690
    159.00      9.730
    159.10      9.702
    159.20      9.815
    159.30      9.798
    159.40      9.973
    159.50      9.903
    159.60      9.925
    159.70     10.023
    159.80     10.180
    159.90      9.872
    160.00      9.788
    160.10      9.511
    160.20      9.400
    160.30      9.246
    160.40      9.213
    160.50      9.575
    160.60      9.681
    160.70      9.630
    160.80      9.628
    160.90      9.625
    161.00      9.613
    161.10      9.491
    161.20      9.329
    161.30      9.155
    161.40      9.086
    161.50      8.989
    161.60      8.857
    161.70      8.593
    161.80      8.373
    161.90      8.314
    162.00      8.347
    162.10      8.341
    162.20      8.666
    162.30      8.599
    162.40      8.484
    162.50      8.457
    162.60      8.475
    162.70      8.410
    162.80      8.284
    162.90      8.452
    163.00      8.545
    163.10      8.544
    163.20      8.590
    163.30      8.658
    163.40      8.712
    163.50      8.708
    163.60      8.673
    163.70      8.524
    163.80      8.488
    163.90      8.511
    164.00      8.504
    164.10      8.597
    164.20      8.758
    164.30      8.907
    164.40      9.183
    164.50      9.280
    164.60      9.248
    164.70      9.156
    164.80      9.135
    164.90      9.265
    165.00      9.321
    165.10      9.436
    165.20      9.266
    165.30      9.323
    165.40      9.175
    165.50      9.294
    165.60      9.143
    165.70      9.074
    165.80      9.081
    165.90      8.958
    166.00      8.914
    166.10      9.243
    166.20      9.289
    166.30      9.309
    166.40      9.438
    166.50      9.174
    166.60      9.149
    166.70      9.209
    166.80      9.294
    166.90      9.410
    167.00      9.401
    167.10      9.324
    167.20      9.290
    167.30      9.246
    167.40      9.477
    167.50      9.548
    167.60      9.647
    167.70      9.751
    167.80      9.812
    167.90      9.901
    168.00      9.954
    168.10     10.026
    168.20     10.098
    168.30     10.324
    168.40     10.297
    168.50     10.207
    168.60     10.215
    168.70     10.346
    168.80     10.375
    168.90     10.489
    169.00     10.643
    169.10     10.780
    169.20     10.594
    169.30     10.801
    169.40     10.755
    169.50     10.752
    169.60     10.961
    169.70     10.989
    169.80     10.793
    169.90     10.777
    170.00     10.849
    170.10     10.892
    170.20     10.833
    170.30     11.038
    170.40     10.946
    170.50     10.830
    170.60     10.779
    170.70     10.904
    170.80     10.947
    170.90     10.931
    171.00     11.023
    171.10     11.007
    171.20     11.108
    171.30     11.060
    171.40     11.196
    171.50     10.967
    171.60     10.962
    171.70     10.878
    171.80     10.846
    171.90     11.059
    172.00     11.178
    172.10     11.349
    172.20     11.518
    172.30     11.464
    172.40     11.169
    172.50     11.042
    172.60     10.914
    172.70     11.039
    172.80     11.233
    172.90     11.244
    173.00     11.164
    173.10     11.308
    173.20     11.483
    173.30     11.351
    173.40     11.330
    173.50    100.000
    173.60     -0.037
    173.70      0.085
    173.80      0.226
    173.90      0.336
    174.00      0.599
    174.10      0.668
    174.20      0.679
    174.30      0.935
    174.40      1.021
    174.50      0.987
    174.60      1.159
    174.70      1.389
    174.80      1.715
    174.90      1.624
    175.00      1.591
    175.10      1.749
    175.20      1.847
    175.30      1.973
    175.40      1.993
    175.50      2.072
    175.60      2.241
    175.70      2.191
    175.80      2.199
    175.90      2.364
    176.00      2.487
    176.10      2.667
    176.20      2.568
    176.30      2.587
    176.40      2.537
    176.50      2.681
    176.60      2.870
    176.70      3.015
    176.80      3.172
    176.90      3.166
    177.00      3.303
    177.10      3.274
    177.20      3.515
    177.30      3.462
    177.40      3.655
    177.50      3.639
    177.60      3.623
    177.70      3.734
    177.80      3.811
    177.90      3.768
    178.00      3.864
    178.10      3.831
    178.20      3.867
    178.30      3.657
    178.40      3.663
    178.50      3.756
    178.60      3.826
    178.70      3.713
    178.80      3.663
    178.90      3.653
    179.00      3.694
    179.10      3.691
    179.20      3.773
    179.30      3.810
    179.40      3.854
    179.50      3.796
    179.60      3.752
    179.70      3.742
    179.80      3.833
    179.90      3.748
    180.00      3.672
    180.10      3.743
    180.20      3.752
    180.30      3.726
    180.40      3.904
    180.50      3.762
    180.60      3.844
    180.70      3.694
    180.80      3.755
    180.90      3.935
    181.00      3.952
    181.10      3.827
    181.20      3.853
    181.30      3.759
    181.40      3.877
    181.50      3.893
    181.60      4.012
    181.70      4.113
    181.80      3.959
    181.90      3.943
    182.00      3.932
    182.10      3.993
    182.20      3.960
    182.30      3.882
    182.40      3.796
    182.50      3.650
    182.60      3.654
    182.70      3.680
    182.80      3.607
    182.90      3.640
    183.00      3.649
    183.10      3.576
    183.20      3.461
    183.30      3.488
    183.40      3.389
    183.50      3.392
    183.60      3.478
    183.70      3.585
    183.80      3.370
    183.90      3.410
    184.00      3.379
    184.10      3.310
    184.20      3.115
    184.30      2.999
    184.40      3.097
    184.50      3.185
    184.60      3.283
    184.70      3.382
    184.80      3.570
    184.90      3.663
    185.00      3.636
    185.10      3.727
    185.20      3.655
    185.30      3.545
    185.40      3.645
    185.50      3.578
    185.60      3.617
    185.70      3.600
    185.80      3.397
    185.90      3.317
    186.00      3.232
    186.10      3.369
    186.20      3.435
    186.30      3.617
    186.40      3.629
    186.50      3.529
    186.60      3.460
    186.70      3.463
    186.80      3.343
    186.90      3.106
    187.00      2.973
    187.10      2.904
    187.20      2.875
    187.30      3.075
    187.40      2.863
    187.50      3.018
    187.60      3.172
    187.70      3.262
    187.80      3.305
    187.90      2.993
    188.00      3.038
    188.10      3.117
    188.20      3.075
    188.30      3.151
    188.40      3.029
    188.50      2.887
    188.60      2.847
    188.70      2.919
    188.80      2.889
    188.90      2.929
    189.00      3.086
    189.10      2.898
    189.20      2.771
    189.30      2.846
    189.40      2.670
    189.50      2.595
    189.60      2.602
    189.70      2.535
    189.80      2.666
    189.90      2.598
    190.00      2.672
    190.10      2.692
    190.20      2.727
    190.30      2.640
    190.40      2.574
    190.50      2.652
    190.60      2.718
    190.70      2.588
    190.80      2.751
    190.90      2.717
    191.00      2.708
    191.10      2.884
    191.20      2.767
    191.30      2.761
    191.40      2.759
    191.50      2.622
    191.60      2.595
    191.70      2.711
    191.80      2.422
    191.90      2.540
    192.00      2.670
    192.10      2.594
    192.20      2.419
    192.30      2.308
    192.40      2.425
    192.50      2.233
    192.60      2.428
    192.70      2.413
    192.80      2.406
    192.90      2.197
    193.00      2.040
    193.10      2.027
    193.20      1.987
    193.30      1.891
    193.40      1.893
    193.50      1.888
    193.60      1.789
    193.70      1.588
    193.80      1.494
    193.90      1.465
    194.00      1.427
    194.10      1.406
    194.20      1.390
    194.30      1.373
    194.40      1.241
    194.50      1.297
    194.60      1.322
    194.70      1.501
    194.80      1.563
    194.90      1.763
    195.00      2.231
    195.10      2.155
    195.20      2.320
    195.30      2.281
    195.40      2.333
    195.50      2.591
    195.60      2.616
    195.70      2.516
    195.80      2.556
    195.90      2.579
    196.00      2.545
    196.10      2.703
    196.20      2.414
    196.30      2.367
    196.40      2.260
    196.50      2.378
    196.60      2.575
    196.70      2.817
    196.80      2.865
    196.90      2.917
    197.00      2.870
    197.10      3.067
    197.20      3.325
    197.30      3.347
    197.40      3.297
    197.50      3.034
    197.60      3.153
    197.70      3.251
    197.80      3.499
    197.90      3.731
    198.00      3.645
    198.10      3.674
    198.20      3.758
    198.30      3.709
    198.40      3.814
    198.50      3.945
    198.60      3.978
    198.70      3.987
    198.80      4.172
    198.90      4.273
    199.00      4.097
    199.10      4.086
    199.20      4.073
    199.30      3.935
    199.40      3.936
    199.50      3.887
    199.60      3.842
    199.70      3.720
    199.80      3.793
    199.90      3.884
    200.00      3.923
    200.10      4.027
    200.20      4.052
    200.30      4.108
    200.40      4.211
    200.50      4.206
    200.60      4.075
    200.70      4.134
    200.80      4.046
    200.90      4.060
    201.00      4.250
    201.10      4.243
    201.20      4.191
    201.30      4.181
    201.40      3.972
    201.50      4.058
    201.60      3.968
    201.70      4.015
    201.80      4.151
    201.90      4.229
    202.00      4.421
    202.10      4.456
    202.20      4.831
    202.30      4.843
    202.40      4.861
    202.50      5.078
    202.60      5.268
    202.70      5.213
    202.80      5.313
    202.90      5.371
    203.00      5.440
    203.10      5.615
    203.20      5.614
    203.30      5.490
    203.40      5.673
    203.50      5.854
    203.60      5.740
    203.70      5.726
    203.80      5.740
    203.90      5.731
    204.00      5.728
    204.10      5.659
    204.20      5.546
    204.30      5.386
    204.40      5.328
    204.50      5.305
    204.60      5.140
    204.70      5.248
    204.80      5.294
    204.90      5.245
    205.00      5.197
    205.10      5.115
    205.20      5.261
    205.30      5.435
    205.40      5.415
    205.50      5.311
    205.60      5.044
    205.70      5.258
    205.80      5.228
    205.90      5.063
    206.00      4.834
    206.10      5.105
    206.20      5.069
    206.30      4.973
    206.40      4.969
    206.50      4.752
    206.60      4.829
    206.70      4.645
    206.80      4.599
    206.90      4.560
    207.00      4.488
    207.10      4.481
    207.20      4.567
    207.30      4.355
    207.40      4.376
    207.50      4.341
    207.60      4.550
    207.70      4.542
    207.80      4.488
    207.90      4.311
    208.00      4.453
    208.10      4.651
    208.20      4.810
    208.30      4.816
    208.40      4.629
    208.50      4.715
    208.60      4.714
    208.70      4.736
    208.80      4.610
    208.90      4.508
    209.00      4.430
    209.10      4.453
    209.20      4.339
    209.30      4.391
    209.40      4.350
    209.50      4.476
    209.60      4.582
    209.70      4.575
    209.80      4.419
    209.90      4.463
    210.00      4.745
    210.10      4.713
    210.20      4.584
    210.30      4.586
    210.40      4.638
    210.50      4.501
    210.60      4.543
    210.70      4.473
    210.80      4.441
    210.90      4.662
    211.00      4.591
    211.10      4.803
    211.20      4.839
    211.30      4.838
    211.40      4.957
    211.50      5.038
    211.60      5.067
    211.70      5.178
    211.80      5.364
    211.90      5.367
    212.00      5.422
    212.10      5.481
    212.20      5.392
    212.30      5.237
    212.40      5.338
    212.50      5.588
    212.60      5.562
    212.70      5.634
    212.80      5.521
    212.90      5.553
    213.00      5.568
    213.10      5.605
    213.20      5.527
    213.30      5.767
    213.40      5.801
    213.50      5.841
    213.60      5.974
    213.70      5.954
    213.80      5.977
    213.90      6.137
    214.00      6.268
    214.10      6.368
    214.20      6.154
    214.30      6.230
    214.40      6.349
    214.50      6.296
    214.60      6.380
    214.70      6.356
    214.80      6.486
    214.90      6.617
    215.00      6.652
    215.10      6.660
    215.20      6.800
    215.30      6.957
    215.40      6.923
    215.50      7.022
    215.60      7.100
    215.70      7.231
    215.80      7.452
    215.90      7.415
    216.00      7.544
    216.10      7.587
    216.20      7.976
    216.30      8.191
    216.40      8.393
    216.50      8.298
    216.60      8.280
    216.70      8.132
    216.80      8.191
    216.90      8.289
    217.00      8.256
    217.10      8.315
    217.20      8.184
    217.30      8.202
    217.40      8.204
    217.50      8.131
    217.60      8.162
    217.70      8.140
    217.80      8.159
    217.90      8.304
    218.00      8.333
    218.10      8.517
    218.20      8.566
    218.30      8.775
    218.40      8.649
    218.50      8.549
    218.60      8.615
    218.70      8.752
    218.80      8.734
    218.90      8.780
    219.00      8.711
    219.10      8.915
    219.20      9.110
    219.30      9.198
    219.40      9.165
    219.50      9.125
    219.60      9.088
    219.70      9.247
    219.80      9.371
    219.90      9.481
    220.00      9.463
    220.10      9.312
    220.20      9.174
    220.30      9.247
    220.40      9.228
    220.50      9.221
    220.60      9.321
    220.70      9.514
    220.80      9.431
    220.90      9.459
    221.00      9.297
    221.10      9.203
    221.20      9.044
    221.30      9.010
    221.40      8.889
    221.50      8.621
    221.60      8.668
    221.70      8.698
    221.80      8.810
    221.90      8.808
    222.00      8.880
    222.10      8.992
    222.20      9.130
    222.30      8.977
    222.40      8.896
    222.50      8.726
    222.60      8.751
    222.70      8.742
    222.80      8.636
    222.90      8.587
    223.00      8.563
    223.10      8.614
    223.20      8.472
    223.30      8.536
    223.40      8.437
    223.50      8.305
    223.60      8.180
    223.70      8.015
    223.80      7.935
    223.90      7.995
    224.00      7.916
    224.10      7.899
    224.20      7.887
    224.30      7.821
    224.40      7.787
    224.50      7.743
    224.60      7.677
    224.70      7.661
    224.80      7.570
    224.90      7.591
    225.00      7.412
    225.10      7.481
    225.20      7.347
    225.30      7.451
    225.40      7.427
    225.50      7.430
    225.60      7.340
    225.70      7.219
    225.80      7.343
    225.90      7.237
    226.00      7.429
    226.10      7.361
    226.20      7.463
    226.30      7.592
    226.40      7.586
    226.50      7.652
    226.60      7.618
    226.70      7.717
    226.80      7.710
    226.90      7.622
    227.00      7.572
    227.10      7.646
    227.20      7.650
    227.30      7.712
    227.40      7.649
    227.50      7.827
    227.60      7.707
    227.70      7.803
    227.80      7.768
    227.90      7.752
    228.00      7.712
    228.10      7.996
    228.20      7.896
    228.30      7.902
    228.40      8.129
    228.50      8.095
    228.60      8.103
    228.70      8.087
    228.80      8.084
    228.90      8.030
    229.00      8.137
    229.10      8.363
    229.20      8.304
    229.30      8.458
    229.40      8.753
    229.50      8.894
    229.60      8.887
    229.70      9.021
    229.80      9.335
    229.90      9.280
    230.00      9.328
    230.10      9.331
    230.20      9.451
    230.30      9.478
    230.40      9.569
    230.50      9.590
    230.60      9.536
    230.70      9.313
    230.80      9.269
    230.90      9.236
    231.00      9.237
    231.10      9.328
    231.20      9.449
    231.30      9.533
    231.40      9.636
    231.50      9.614
    231.60      9.796
    231.70      9.907
    231.80      9.877
    231.90      9.768
    232.00      9.857
    232.10     10.062
    232.20     10.376
    232.30     10.378
    232.40     10.454
    232.50     10.672
    232.60     10.568
    232.70     10.823
    232.80     10.957
    232.90     11.086
    233.00     11.182
    233.10     11.327
    233.20     11.250
    233.30     11.322
    233.40     11.323
    233.50     11.257
    233.60     11.288
    233.70     11.243
    233.80     11.122
    233.90     11.357
    234.00     11.521
    234.10     11.553
    234.20    100.000
    234.30      0.253
    234.40      0.328
    234.50      0.482
    234.60      0.384
    234.70      0.476
    234.80      0.636
    234.90      0.782
    235.00      0.753
    235.10      0.827
    235.20      0.871
    235.30      1.043
    235.40      0.946
    235.50      0.961
    235.60      1.000
    235.70      0.906
    235.80      1.028
    235.90      1.019
    236.00      1.117
    236.10      0.920
    236.20      0.896
    236.30      0.920
    236.40      1.123
    236.50      1.204
    236.60      1.355
    236.70      1.457
    236.80      1.337
    236.90      1.619
    237.00      1.648
    237.10      1.813
    237.20      1.805
    237.30      1.927
    237.40      2.122
    237.50      2.292
    237.60      2.477
    237.70      2.426
    237.80      2.652
    237.90      2.772
    238.00      3.057
    238.10      3.170
    238.20      3.182
    238.30      3.138
    238.40      3.202
    238.50      3.153
    238.60      3.298
    238.70      3.379
    238.80      3.420
    238.90      3.447
    239.00      3.613
    239.10      3.760
    239.20      3.776
    239.30      3.985
    239.40      4.184
    239.50      4.528
    239.60      4.718
    239.70      4.980
    239.80      5.117
    239.90      5.397
    240.00      5.396
    240.10      5.471
    240.20      5.491
    240.30      5.607
    240.40      5.869
    240.50      6.150
    240.60      6.340
    240.70      6.369
    240.80      6.436
    240.90      6.499
    241.00      6.510
    241.10      6.603
    241.20      6.684
    241.30      6.830
    241.40      6.691
    241.50      6.833
    241.60      6.763
    241.70      6.822
    241.80      6.790
    241.90      6.944
    242.00      7.127
    242.10      7.336
    242.20      7.500
    242.30      7.745
    242.40      7.855
    242.50      7.737
    242.60      7.688
    242.70      7.935
    242.80      8.062
    242.90      8.110
    243.00      8.136
    243.10      8.202
    243.20      8.101
    243.30      8.132
    243.40      8.041
    243.50      8.139
    243.60      8.181
    243.70      8.284
    243.80      8.217
    243.90      8.148
    244.00      8.178
    244.10      8.388
    244.20      8.604
    244.30      8.811
    244.40      8.881
    244.50      9.106
    244.60      9.217
    244.70      9.213
    244.80      9.271
    244.90      9.511
    245.00      9.511
    245.10      9.533
    245.20      9.497
    245.30      9.572
    245.40      9.603
    245.50      9.405
    245.60      9.438
    245.70      9.447
    245.80      9.456
    245.90      9.326
    246.00      9.640
    246.10      9.669
    246.20      9.610
    246.30      9.622
    246.40      9.479
    246.50      9.364
    246.60      9.149
    246.70      9.214
    246.80      9.094
    246.90      9.109
    247.00      9.126
    247.10      9.263
    247.20      9.318
    247.30      9.230
